,Player,Position,Age,Height,Weight,GP,EV ATOI,PP ATOI,PK ATOI,EV G/60,PP G/60,PK G/60,EV A1/60,PP A1/60,PK A1/60,EV A2/60,PP A2/60,PK A2/60
1,A.J. Greer,L,21.8,75,208,26.49654677990824,9.930976124054258,0.1129600996957692,0.1425668432455442,0.7023427486419678,0.015486924909055233,,0.5824342966079712,1.162453293800354,,0.4023695719242096,1.064356803894043,
2,Aaron Ekblad,D,22.6,76,215,71.3281134864688,18.679862212576715,2.582843002809584,0.6341324403341115,0.31774547500647593,1.3110054762087762,0.11567158997058868,0.17308778418001744,1.6049874297142028,,0.3578281062841415,1.700638990339756,
3,Aaron Ness,D,28.4,70,184,21.823526234030723,14.96485282550046,0.013559667187786102,0.6450040713198344,0.19793430611491203,,1.115733027458191,0.21700255572795868,,1.4303336143493652,0.35549297735095026,,1.1300311088562012
4,Adam Clendening,D,25.9,72,194,17.848988235890864,15.00087714805603,1.0506227640790242,0.316639682767974,0.19840962536633014,0.8057667206835984,1.110176920890808,0.3265202045440674,1.297851800918579,1.2245228290557861,0.3560817264020443,1.367934226989746,1.2968418598175049
5,Adam Cracknell,R,33.2,74,209,16.144000788927077,9.91961397040567,0.028099819398325846,0.6400089610905664,0.6684055924415588,,1.414926290512085,0.6150875091552734,,0.8521833419799805,0.4023596405982971,,1.291435956954956
6,Adam Erne,L,23.4,73,212,31.34039320230484,10.68259142023404,0.010537629812180996,0.10444174417209624,0.6682659387588501,0.01695030927658081,1.0498721599578857,0.7177292108535767,1.162542700767517,0.8927953243255615,0.4023340693116188,1.074122428894043,0.5485740303993225
7,Adam Gaudette,C,22.0,73,194,15.845737979412078,11.123567996304276,0.0756763887281418,0.09560412805527449,0.6884700655937195,0.012997815385460854,,0.62783282995224,1.1421308517456055,,0.402515352666378,1.0500096082687378,
8,Adam Henrique,C,28.6,72,195,77.09512268753723,13.784428888951242,2.33736907393001,2.1222118495240805,0.7235613559328019,1.866228219373524,0.34077122807502747,0.4439307883620262,1.5326817739248275,0.27923354506492615,0.6761492250055074,1.5972021700382233,0.17131489515304565
9,Adam Larsson,D,25.9,75,209,68.30613679915666,18.767055473925172,0.20978847224146127,2.2978039766084404,0.1267826137859374,0.08939327292386166,0.07623343914747238,0.15968271817610796,1.2819122076034546,0.1465177834033966,0.47747698217630385,1.4453753232955933,0.09833765029907227
10,Adam Lowry,C,25.5,78,208,51.590195810832085,11.871088312408329,0.8621124598972499,1.7826037533715369,0.44366197921958567,0.021404920145869255,0.4195232391357422,0.4467013499103784,1.203768014907837,0.3165448009967804,0.5800468975901604,1.1076548099517822,0.20041798055171967
11,Adam McQuaid,D,32.0,76,210,45.95451325029135,16.181359096983673,0.012624803372606635,2.332070062303543,0.20065923988819123,0.13329096253687814,0.08940424770116806,0.2514079511165619,1.336409091949463,0.17826750874519348,0.35551362797617914,1.4222990274429321,0.08716508001089096
12,Adam Pelech,D,24.1,75,210,80.52720536202192,16.50507475016117,0.030232416466355324,1.7896813296377658,0.10280909426882859,0.11157793626790155,1.3712257146835327,0.03347118221800772,1.1464660167694092,1.6476446390151978,0.8200068988081068,1.2923099994659424,1.0378007888793945
13,Adrian Kempe,"C, R",22.0,74,200,81.87241449534893,12.361808309252561,1.016104510870576,0.1687172789235711,0.6748505234718323,0.014937310479581356,1.2636650800704956,0.5934986472129822,1.0012338161468506,0.8558987379074097,0.4022555875778198,0.9317160844802856,1.0637933015823364
14,Alan Quine,C,25.6,72,203,29.57240367949009,11.269019235301089,0.05169746182352304,0.44484697551876307,0.6888844966888428,0.011909998953342438,1.6077957153320312,0.5154358744621277,1.0549516677856445,1.0641889572143555,0.40245871275663375,0.972465455532074,0.7790188789367676
15,Alec Martinez,D,31.2,73,210,68.07523362170905,17.393594512528182,1.9644030623599884,1.8941566560540346,0.29565512497238805,0.8308649171778931,0.08960442990064621,0.25170523283761154,1.8290103572010994,0.1466211974620819,0.35494681775569914,1.7840544182643294,0.07142489403486252
16,Aleksander Barkov,C,23.1,75,215,62.418529221862556,15.291953702664376,2.83462687208727,1.320231833153963,0.8027401380598544,1.4019120524950324,0.32394731044769287,0.7496535391747952,1.7986985137701035,,0.823941946515441,1.7426325395345688,
17,Ales Hemsky,R,35.1,72,177,18.310393545664848,11.714387517363418,1.6698383036375046,0.20450200590913944,0.695851743221283,0.015348726883530617,1.5938278436660767,0.6159940958023071,1.1131763458251953,0.9294028878211975,0.40232222676277163,1.0196897983551025,0.7576000690460205
18,Alex Biega,D,30.5,70,195,50.53208527266979,16.22141872070586,0.02038831403774023,0.9737053578436375,0.19790847010910512,0.12451975306994659,0.9730758666992188,0.18873217701911926,1.3789318799972534,1.2691982984542847,0.3552270998060703,1.490301251411438,1.0586204528808594
19,Alex Broadhurst,C,25.6,72,178,12.80750300526619,10.920935813650424,0.013380680796778201,0.10170435216277837,0.6876391172409058,0.01422378234565258,,0.5836448073387146,1.1485974788665771,,0.4024468404054642,1.0742138624191284,
20,Alex Chiasson,R,28.0,76,208,71.42561214329675,10.566045409567655,1.1003186927031727,1.2389314276382328,0.47997703856155277,0.017953308299183846,0.37833690643310547,0.333053863963604,1.1699538230895996,0.3314308822154999,0.5563383779811859,1.0794662237167358,0.19189748167991638
21,Alex DeBrincat,R,20.8,68,178,81.91852467060089,12.963521868246794,1.7586129038363696,0.19002721602195502,0.7449394464492798,0.013684968464076519,1.0591750144958496,0.5898424983024597,1.2468611001968384,0.7222866415977478,0.40230454444885255,1.1250849962234497,0.7578057050704956
22,Alex Formenton,L,19.1,75,195,12.7747355812788,10.919316122363407,0.010265838503837586,0.07769790660589933,0.7108484506607056,,,0.6690906882286072,,,0.40251861900091174,,
23,Alex Galchenyuk,C,24.6,73,194,71.49965899797157,13.470269321136175,2.4952350766971705,0.1393063563631773,0.7615432710640133,1.985306596047431,1.1115742921829224,0.6407969928115606,1.6841734672665594,1.0507911443710327,0.6718922724008559,1.5093391956567763,0.7947332859039307
24,Alex Goligoski,D,33.2,71,173,73.86275697182865,19.35385828722194,1.97301298314631,1.996530071890354,0.178862247343734,0.4234570564716905,0.05616762116551399,0.46623158772587775,1.8417173051565885,0.15434421598911285,0.44131440624594687,1.7028051317051054,0.06711611151695251
25,Alex Iafallo,L,24.8,72,200,77.12013072960079,14.309821792235226,0.46755363816320894,0.4845811620473862,0.6641882658004761,0.014094614423811436,1.1811206340789795,0.5340391397476196,1.020204782485962,0.9627208113670349,0.40224397510290144,0.9383441805839539,0.7905769944190979
26,Alex Killorn,L,29.0,73,194,75.52269922927022,13.39189564719051,2.392346113889292,1.1382468929916618,0.6443670813463629,0.7248669874548912,0.3628138303756714,0.7272616889476776,1.7422624351978302,0.24672947824001312,0.6857240508258343,1.6257503801345825,0.1154986247420311
27,Alex Ovechkin,L,33.0,75,238,75.5629315826483,15.37147330762446,4.0430255217544735,0.09988568979895114,1.0181389748089014,3.492519786334038,1.6102889776229858,0.41273076445221907,1.577746365571022,1.1404470205307007,0.8534462414741516,1.7576702891349791,1.3813706636428833
28,Alex Petrovic,D,26.6,76,210,70.31720630660654,14.99333831290553,0.07255029186874629,1.1769332792647182,0.005321896887086999,0.12142136539793921,1.2653353214263916,0.42401107623524337,1.3161721229553223,1.4808683395385742,0.4138051972351968,1.4054129123687744,1.3731517791748047
29,Alex Pietrangelo,D,28.7,75,215,75.1413767599687,20.615152055946737,2.4414215664967895,2.612747855316475,0.31248156381845477,0.7682906482493506,0.09702688455581665,0.49897082608602944,2.095132214999199,0.1477038860321045,0.35113117814064027,1.8586713174195288,0.07494496554136276
30,Alex Tuch,R,22.4,76,219,81.16093104790896,13.23742369043827,2.153255597704649,0.1263479867913723,0.7046042680740356,0.02360997162759304,1.3878207206726074,0.5717552900314331,1.3128859996795654,0.9835647940635681,0.4021668773889542,1.1880708932876587,1.16307532787323
31,Alexander Burmistrov,C,26.9,73,180,31.72115105509758,11.276896743825606,0.5542585985869168,0.7953533980518579,0.7095691561698914,0.01384049467742443,1.5180188417434692,0.507233738899231,1.0558090209960938,0.8875283002853394,0.4024478209018707,0.9678197503089905,0.7328591346740723
32,Alexander Edler,D,32.4,76,210,59.566971861720084,19.069335612736644,2.6655711867719885,2.2869659397307784,0.1872073250297457,0.8364715961977095,0.10212262719869614,0.2319562239993404,1.7229494837522508,0.15518410503864288,0.36049469992518424,1.6283041940398215,0.0754208043217659
33,Alexander Kerfoot,C,24.1,71,186,81.18457722485066,11.2279455486238,2.3546361147731543,0.09642748186308145,0.6947159767150879,0.015128345228731632,0.8905349969863892,0.5347867012023926,1.0591185092926025,0.8244354724884033,0.4025783678889275,0.9792762398719788,0.5222270488739014
34,Alexander Nylander,R,20.6,73,192,14.007781126499175,11.219384565709117,0.11350342664122585,0.0976310320943594,0.6913456320762634,0.011779013089835644,,0.6497950553894043,1.175327181816101,,0.4024304336309433,1.0825423002243042,
35,Alexander Radulov,R,32.2,73,200,79.70959689199924,16.250106612344084,3.1491420931763945,0.06141686141955852,0.7669171201769263,1.5912831569950097,1.2576487064361572,0.8611649702866097,2.2235681636810303,1.0770567655563354,0.41496361009031535,1.4248860507011414,0.8433906435966492
36,Alexander Steen,L,34.6,72,211,69.75767369866371,14.620289252535999,3.0371798028435557,1.6519743972763419,0.6240418394058943,1.0630516479820014,0.31362825632095337,0.6500596897989511,1.7514645288825035,0.3104010820388794,0.7548120964467525,1.693317857027054,0.17731161415576935
37,Alexander Wennberg,C,24.0,74,190,66.20965696008876,13.525255186016858,2.208151394148171,1.0604619239404798,0.23343628516018392,0.6256481824748218,0.3517422378063202,0.7859138651996851,1.9806796525478363,0.2520396113395691,0.7928159860670567,1.9417593117952345,0.12291231751441956
38,Alexandre Burrows,R,37.5,73,197,69.33229431554675,11.115496938034893,1.549888629766926,1.2340445185869933,0.49043939332887526,1.1378961104393006,0.4241783320903778,0.2949527231782675,1.6173475980758667,0.3567010462284088,0.6925719887316226,1.9383240728378297,0.1927083134651184
39,Alexei Emelin,D,32.4,74,218,68.31163904830814,17.613760512757302,0.1489751149713397,1.9710367320418356,0.04504575477112932,0.10864492136298859,0.084933340549469,0.13657753350078466,1.4459152221679688,0.1727631688117981,0.3457348270714283,1.5745759010314941,0.08006921410560608
40,Anders Bjork,L,22.2,72,190,37.26808826278895,11.374359101643119,0.8722367977231741,0.12380982763451338,0.683301568031311,0.012072538956999779,1.150961995124817,0.5713657736778259,1.0866994857788086,0.8378183841705322,0.4024469530582428,1.0053142309188843,1.0047804117202759
41,Anders Lee,L,28.2,75,235,73.58129562184214,12.711872628347574,2.6031954796299335,0.12674803072828056,0.9049022725299002,2.4322100406862797,1.3528414964675903,0.4501007689814568,1.629671299123764,1.2762657403945923,0.6575391505300998,1.6283388521909714,0.8695574998855591
42,Andre Burakovsky,L,23.6,75,209,56.60170165270567,11.892511928439886,1.1594417731136084,0.142276338259995,0.6232625050805509,1.1550154735215008,1.0872434377670288,0.48714057238185404,1.92571503739357,0.9290018081665039,0.9304369326710701,2.2809915208101272,0.5896332263946533
43,Andreas Athanasiou,C,24.2,74,190,72.36069538533688,12.610993493793906,1.5508994410693646,0.4764366367965937,1.19552062070854,0.6194622092741542,0.9725854396820068,0.37290660503134127,1.7887597025632858,0.8765831589698792,0.3808990876577794,1.3858330252408981,0.5672484040260315
44,Andreas Borgman,D,23.3,72,200,54.01850874751806,14.147134734302758,0.01166346069058776,0.3902489032253027,0.1987649779766798,0.14499733858167516,1.1780204772949219,0.22271640598773956,1.2581608295440674,1.4835212230682373,0.354602812230587,1.3919073343276978,1.1836315393447876
45,Andreas Englund,D,22.7,75,189,16.485263808369638,16.056579075382377,0.01200672997161746,0.5337330722396124,0.19814994640648365,,1.3733371496200562,0.2604842483997345,,1.574741005897522,0.35574145779013633,,0.8800442814826965
46,Andreas Johnsson,L,23.9,70,195,19.57508407175541,10.804816393967757,0.4273791629719734,0.40719762786090374,0.6825479865074158,0.013579348102211952,0.9188494682312012,0.6160093545913696,1.1547746658325195,0.8183755278587341,0.40261525779962537,1.0712090730667114,0.501808762550354
47,Andreas Martinsen,L,28.3,75,225,19.29502546906471,9.83402959386092,0.018165888424071547,0.9425982412462365,0.6977466344833374,0.016607962548732758,1.4584708213806152,0.6437493562698364,1.188432216644287,0.8172305822372437,0.40227523654699326,1.1015782356262207,1.3077541589736938
48,Andrei Mironov,D,24.2,75,194,23.686599044799806,15.035505035535524,0.006803235318511724,1.132303325408025,0.1990932594239712,,1.1919411420822144,0.23193207383155823,,1.3471148014068604,0.3549574799835682,,1.3062019348144531
49,Andrej Sekera,D,32.3,72,200,43.249483960866925,17.20626614775514,0.7288221390031279,1.4727983749985696,0.19826339416205882,0.24850330859674533,1.027970314025879,0.22333353757858276,1.153995394706726,1.351907730102539,0.3550039374828339,1.2494503259658813,1.1109553575515747
50,Andrej Sustr,D,27.8,79,217,51.4053895521164,15.166118806713076,0.14433328625291586,0.9696800364200174,0.11552872113175695,0.1347833343509941,1.2165502309799194,0.2306720772404073,1.5284197330474854,1.5208120346069336,0.4003947198390961,1.6664334535598755,1.407138466835022
51,Andrew Cogliano,C,31.3,70,179,75.64621648952365,12.67937085879892,0.1782743258102089,1.7642822157785298,0.4043992367310524,0.011637014336884022,0.38989120721817017,0.6336502993494272,1.2202768325805664,0.24760767817497253,0.7122994920343161,1.1272735595703125,0.16121038794517517
52,Andrew Copp,C,24.2,73,199,73.03118397186199,9.719971245812376,0.10169317553219695,1.314858752263089,0.6080540779550869,0.016154015436768532,0.2677692472934723,0.5101292080566288,1.1161038875579834,,0.318080161134839,1.0352214574813843,
53,Andrew Crescenzi,C,26.2,77,207,13.981768177747727,10.800953554250201,0.004296438023447991,0.21474017385393382,0.7024109363555908,,1.8668508529663086,0.5798895955085754,,0.9980559349060059,0.40234615564346315,,0.9241325259208679
54,Andrew Ladd,L,32.8,75,205,75.63949576035142,13.707772601212563,2.4224425145812334,1.4633390231326222,0.7149413931638002,1.4079247653879225,0.3283539414405823,0.5478990122288465,1.6963514286637307,0.31584784388542175,0.6059567693382502,1.7939450609445573,0.1901208460330963
55,Andrew MacDonald,D,32.1,73,204,72.9629784521088,17.803851256489754,0.025323652336180207,2.509088960215449,0.10772386504188183,0.3986303850602684,0.07805871218442917,0.19159393201983427,1.1614656448364258,0.1618773490190506,0.7560484199848027,1.2187498807907104,0.0792808085680008
56,Andrew Mangiapane,L,22.5,70,184,20.39956709265709,10.610440081647262,0.007544631510972977,0.08554254654794931,0.701469361782074,0.010289684869349003,,0.6495890617370605,1.197130799293518,,0.40253386974334715,1.104105830192566,
57,Andrew Shaw,R,27.2,71,182,60.59886768847704,12.597326816086472,2.2310115425594153,0.16046566993045808,0.47470298092961316,1.4501357213206587,0.9036252498626709,0.29774803536492583,1.4465131709456445,0.6474754810333252,0.7322271872192622,1.8020052218317986,0.6630507111549377
58,Andy Andreoff,C,27.4,73,208,50.199344580806795,9.47521258789301,0.017675663439929483,0.10542865398484469,0.6790377497673035,0.015951864421367645,1.1678476333618164,0.5588445067405701,1.1181672811508179,1.1087331771850586,0.40256689965724946,1.0366777181625366,0.8707979321479797
59,Andy Greene,D,35.9,71,190,71.85561316490174,18.6271525541164,0.5148142660876215,2.8710212937090542,0.059044705131787806,0.7226023085307033,0.08415797352790833,0.19875834789801003,1.4251657724380493,0.15902279317378998,0.4369517369568348,1.5348416566848755,0.12080102413892746
60,Andy Welinski,D,25.4,74,212,19.87767990708351,15.228448639599119,0.13086780199169518,0.6209666248697243,0.19912948027253152,0.13671855535570135,1.2711362838745117,0.20759591460227966,1.190281629562378,1.6102197170257568,0.3545457684993744,1.3157377243041992,1.2649011611938477
61,Anthony Beauvillier,L,21.3,71,180,73.24957685172558,12.81350987442732,0.814127845492959,0.3888194878175259,0.981310789738223,0.011921197175979614,1.167404055595398,0.3056815338040292,1.1668262481689453,0.7626231908798218,0.468350643312186,1.073398232460022,0.7915785312652588
62,Anthony Bitetto,D,28.2,73,222,40.32352939516306,12.682052450334991,0.011664425271347166,0.37737330146718023,0.19901938423514365,0.13446898049452766,1.3150933980941772,0.195271298289299,1.2290199995040894,1.727570652961731,0.3549085259437561,1.350317120552063,1.2880617380142212
63,Anthony Cirelli,C,21.2,72,189,27.07420505821705,11.412928439753568,0.008620396139717101,1.3860867842277884,0.6774293780326843,0.012711147777736187,1.2473938465118408,0.6137211322784424,1.1687417030334473,0.8219456076622009,0.4024409636855125,1.0607459545135498,0.8281563520431519
64,Anthony Duclair,L,23.1,71,197,65.08690279066563,11.594042274868489,1.90416469291312,0.02254236061056455,0.6386801232438535,1.4150013722295562,0.9433323740959167,0.693306497871379,2.2058747318903604,0.8248276114463806,0.3471230752443274,0.8717792899767558,0.5116725564002991
65,Anthony Mantha,R,24.0,77,234,73.2911990082264,14.713936921209095,2.1414261191159487,0.054435708681225776,1.0110642067003994,1.7799434502908027,1.2659971714019775,0.3037712934175134,1.9814549599885942,1.0452537536621094,0.7398859641306101,1.9557269840478897,0.6493302583694458
66,Anthony Peluso,R,29.5,75,225,13.971102781295777,6.478218143533274,0.015068434889413215,0.0870360279083252,0.704372763633728,,,0.5716471672058105,,,0.4023624849319458,,
67,Antoine Roussel,L,28.9,71,200,69.15194441884756,11.776421266919375,0.6057121354233472,1.5397305001795292,0.6296699209310115,0.013591432943940163,0.2769067585468292,0.519034693133831,0.9616340398788452,0.26905304193496704,0.5665686598449945,0.8983541131019592,0.15053172409534454
68,Antoine Vermette,C,36.2,73,197,68.90062403157353,12.67435933362171,2.0705565179590137,1.062971703761816,0.2764469242046475,1.767517340902984,1.7270318269729614,0.3944492712869644,1.4682030589938164,1.0162445306777954,0.6199535697579384,1.5742124363660812,0.8376443386077881
69,Anton Blidh,L,23.6,73,197,12.454628597572446,9.981952673482752,0.01165275984865427,0.3435717873772979,0.6702388525009155,,,0.6215990781784058,,,0.40258564323186874,,
70,Anton Lindholm,D,23.8,71,191,54.97492373168468,12.841441054389238,0.010641100657463074,1.8307312045276165,0.1979013840854168,0.14756853440246162,1.135844349861145,0.2423609048128128,1.3433947563171387,1.4205273389816284,0.35560484796762465,1.4522216320037842,1.1444147825241089
71,Anton Slepyshev,L,24.4,74,221,54.617609402611855,11.410526136921346,0.1716271273521185,0.07456118675529957,0.6191239282630383,0.01908782497048378,1.3716846704483032,0.32047657333934493,1.1493325233459473,0.9360941052436829,0.33633393117710947,1.0712785720825195,1.1075384616851807
72,Anton Stralman,D,32.2,71,193,72.46113448813557,17.8504488624312,1.7809014527760447,2.116515420888737,0.25305940436534585,0.3532492805656683,0.06206653267145157,0.2981977902818471,1.1344135999679565,0.14516443014144897,0.33354984104633334,1.2601819038391113,0.0693606361746788
73,Anze Kopitar,C,31.1,75,225,75.74329930469393,15.634932998633385,2.8382987017165866,1.9540561048477887,0.5989632219642401,1.4718296676836908,0.3889843225479126,0.8652602467566729,2.0614319196224216,0.3325362205505371,0.8554096406400203,1.937169308781624,0.19870708882808685
74,Artem Anisimov,C,30.4,76,199,60.71657576441765,13.449933629341423,2.249581164509058,1.4380061816900969,0.6442088631957769,1.6184160973452033,0.35284915566444397,0.5775993988022209,1.7298948583483695,0.3072115480899811,0.69541720636487,1.8341308503627776,0.19074466824531555
75,Artemi Panarin,L,26.9,72,173,77.82245054136962,16.31877274774909,2.9472865120757374,0.0266745344260931,0.9557854238266746,2.069868698670715,1.2612874507904053,1.0831927983929714,2.545816254289945,0.8411785364151001,0.521225459104528,1.0466535470207532,0.7917444705963135
76,Artturi Lehkonen,L,23.2,71,179,74.44859257936477,12.921703330878913,1.473978686258942,0.9914325496673584,0.8228960806936026,1.5983208895007148,0.8642685413360596,0.10490901135084219,1.7907166616916657,0.7925509810447693,0.3372541139654815,1.5035178206682205,0.5299911499023438
77,Ashton Sautner,D,24.3,73,195,18.51429614365101,15.367089329283138,0.006103363325819373,0.5427830955773592,0.19857940718531608,,,0.21281978487968445,,,0.3558060267567635,,
78,Austin Czarnik,C,25.8,69,170,20.434125114679336,10.412221078522935,1.3098288634874558,1.0335320839412132,0.716434121131897,0.009721190668642521,1.1283457279205322,0.5318343639373779,1.2400436401367188,0.7807570099830627,0.4024668437242508,1.135742425918579,0.7537824511528015
79,Austin Watson,L,26.7,76,204,69.65971307203174,9.791409633409977,0.09405181153021752,1.461259726475676,0.4837602305949976,0.016681965440511703,0.3891431987285614,0.43118591238707304,1.175236463546753,0.26554325222969055,0.23394134880118073,1.0811408758163452,0.14669044315814972
80,Auston Matthews,C,21.0,75,208,75.56282590717078,15.715769030691684,2.4214336264692244,0.062363205010771756,1.7240978594258427,2.3064871229764075,1.4691904783248901,0.5906638813063502,2.1515017922639847,0.8835093379020691,0.3594619063474238,1.5691422736644745,0.9474455714225769
81,Barclay Goodrow,C,25.6,74,204,51.87578222155571,10.014297536866367,0.09329233545321226,0.9726869213283063,0.6570816040039062,0.01613757573068142,1.1782257556915283,0.5717105269432068,1.1121786832809448,1.1094385385513306,0.4024410369992256,1.0307550430297852,0.8688315153121948
82,Beau Bennett,R,26.8,74,195,16.14872576236725,11.81555104400736,1.5677478333477615,0.13667874631611815,0.6645483374595642,0.01495169848203659,,0.5299394130706787,1.0930677652359009,,0.40240196138620377,1.0195289850234985,
83,Ben Chiarot,D,27.4,75,232,58.094062061235306,14.78194914286956,0.16486284043592214,0.82150235367015,0.08657392021711084,0.13990034040356908,0.11966191977262497,0.29078241019360723,1.360979676246643,,0.4449588784575462,1.4666824340820312,
84,Ben Harpur,D,23.7,78,231,50.46747897356749,14.958172313651907,0.018192532968744637,1.9306204964011906,0.20134440779685975,0.15239392888989903,1.5879360437393188,0.30416446924209595,1.5345263481140137,1.9756582975387573,0.3567105305194855,1.7324832677841187,1.2444393634796143
85,Ben Hutton,D,25.4,75,201,67.29486768834293,16.556149837888405,1.6725570180972416,1.0001799748574693,0.00038568502771139685,0.24702888938497508,1.3669856786727905,0.3428709816020603,1.6684665572802226,1.6141796112060547,0.1787284293023,1.6575249642928442,1.00528883934021
86,Ben Lovejoy,D,34.6,73,205,53.74063919335604,16.459211756771058,0.15284957136419416,2.2612273490816355,0.09875244056139204,0.11294111667425269,0.07889170199632645,0.12103660796842147,1.3838375806808472,0.1713755577802658,0.4111946710944176,1.48490309715271,0.07617215812206268
87,Ben Sexton,C,27.3,71,196,12.204328488111496,10.882788617969323,0.007758464962244034,0.10763294491916894,0.6745390295982361,,,0.5755977034568787,,,0.4024317765235901,,
88,Benoit Pouliot,L,32.0,75,200,55.971405277252195,12.210001128485798,1.5022873725239188,1.187124005970359,0.6701665544889868,0.01908114366233349,0.4316212832927704,0.5159488915622235,1.021587610244751,0.2990593910217285,0.5555016120254993,0.9494277238845825,0.1235455870628357
89,Blake Coleman,C,26.8,71,199,80.9756049400568,12.322840408131482,0.037108686196208,2.2527377796307206,0.6625076532363892,0.013559765182435513,1.1273891925811768,0.5640066862106323,1.1331121921539307,1.0152045488357544,0.40254868030548097,1.0484893321990967,0.7751006484031677
90,Blake Comeau,L,32.6,73,200,72.40396360233426,13.235206080040335,0.8667943770743907,1.658112456677854,0.47807963600307707,0.015749365091323853,0.27992817759513855,0.5657099446892738,1.0898545980453491,,0.6599171375542879,1.0040072202682495,
91,Blake Hillman,D,22.7,73,193,19.520424636602403,16.251023662841263,0.007461522118553519,0.8743881941206427,0.19858915649354458,0.14505789341870262,1.0135352611541748,0.2612885534763336,1.3065009117126465,1.2969062328338623,0.3553428737819195,1.4326128959655762,0.9816285371780396
92,Blake Pietila,L,25.6,71,200,13.373648982085287,11.135345955744704,0.054672206452775006,1.085424289584756,0.6880887150764465,,,0.5930885076522827,,,0.4023910763859749,,
93,Blake Wheeler,R,32.1,77,220,74.97212857918814,15.028037778824569,3.1804155232619493,1.4166525789082052,0.832086526556313,0.8720532130084933,0.42715898156166077,0.9545975868463515,2.490179067707062,0.37430906295776367,0.7787590315103531,2.3505652376174924,0.20878170430660248
94,Bo Horvat,C,23.5,72,215,70.4697761979699,13.200473692436516,1.70401214351058,1.5963804654315115,0.6442800300113856,2.169699843940139,0.2909582853317261,0.675035759806633,2.05418704764843,,0.7098438775330782,0.8153938196480274,
95,Bobby Ryan,R,31.5,74,208,66.54626204252243,13.691333305743337,2.795019252538309,0.13266513119322063,0.7115422164186835,0.8659467693239451,1.0569419860839844,0.705447926813364,1.6822938810229302,0.8007333278656006,0.7347867017656564,1.6090621053099634,0.6814731955528259
96,Boo Nieves,C,24.7,75,214,35.45478036344051,10.349096483021857,0.013561230865359306,0.5568088906869292,0.6923197507858276,0.014464200474321842,1.771175503730774,0.5510674715042114,1.1575706005096436,1.2074120044708252,0.40239526391029357,1.0552711486816406,0.8862535357475281
97,Boone Jenner,C,25.3,74,203,78.4453329967459,14.052907932785153,1.5052161153104155,0.6221254361445706,0.8223988228879868,1.4166219520241021,0.3840138614177704,0.5459489158016939,1.773057122218609,0.252360075712204,0.3186504259295762,1.7993236084461213,0.1323804259300232
98,Brad Hunt,D,30.1,69,177,53.69176864504814,14.537114977341666,1.9245058477930723,0.32073245188188554,0.1988627451658249,1.4627074622051812,1.3323149681091309,0.17992529273033142,1.39485502243042,1.0810999870300293,0.3566593633592129,1.4665647745132446,1.301011085510254
99,Brad Malone,C,29.4,74,217,18.619488307237624,8.423804226896166,0.022678040138483048,1.1906410004526375,0.6920790076255798,0.01697446219623089,1.461402416229248,0.5986467003822327,1.1638376712799072,1.0149147510528564,0.4025542813539505,1.0733680725097656,1.227020263671875
100,Brad Marchand,L,30.4,69,176,70.1342696173489,14.52747342259735,2.0585891031868755,1.7704155652597546,1.0745028452008962,2.436319057708234,0.36189961433410645,0.7454076276183128,2.1355000663757324,0.29359763860702515,0.826985847479105,2.0675203466176986,0.15617837011814117
101,Brad Richardson,R,33.7,72,190,79.08805539291352,12.769820049840213,0.03478799447417259,2.158163141976297,0.6949973106384277,0.014867383986711502,1.2200249433517456,0.5694277882575989,1.122998595237732,1.0330848693847656,0.40210072994232177,1.0294054746627808,0.8243148922920227
102,Brady Skjei,D,24.5,75,210,80.45280752327294,17.269997509826716,1.0512850055344403,1.0889471376121045,0.08699127156287435,0.11353353595361114,1.4871498346328735,0.23392120567518598,1.995268603014946,1.1889923810958862,0.8506642240669579,2.0694663572788237,1.5895553827285767
103,Brandon Carlo,D,21.8,78,218,78.73348589476198,17.56707460179329,0.01965520149421692,2.951285912761092,0.0105462484487263,0.13851375024182833,0.14486266672611237,0.031306190599611865,1.5617363452911377,0.17818167805671692,0.5718986856615395,1.655232310295105,0.08390748500823975
104,Brandon Davidson,D,27.1,74,204,55.517526137828824,15.345343101480976,0.006815793670624494,1.925500922910869,0.19943317495286464,0.9084100604009783,1.2420035600662231,0.2790718674659729,1.195073127746582,1.60830819606781,0.3552329896390438,1.3134934902191162,1.2380177974700928
105,Brandon Dubinsky,C,32.4,74,208,72.20419925898314,13.889509222173691,1.4844132641531527,1.8899119132071733,0.5001202962778508,0.015473220497369766,0.4320954978466034,0.7468904475837945,1.0369733572006226,0.32408368587493896,0.7296684347182513,0.9583542346954346,0.1718445122241974
106,Brandon Manning,D,28.3,73,205,58.499899963140486,15.661758212774247,0.15605266102600096,1.379787479860584,0.06282965499612851,0.08862748490470136,0.09094736725091934,0.28000934951742096,1.175268530845642,,0.26415212153304124,1.2980451583862305,
107,Brandon Montour,D,24.5,72,194,81.33180171251297,18.459584495973587,1.9729204278994352,1.3756226457834244,0.1979175740480423,0.8467312833739444,1.2571810483932495,0.20879270136356354,1.7135622238397599,1.44107186794281,0.3551639585196972,1.7033481722950936,0.9187771677970886
108,Brandon Pirri,C,27.5,72,180,13.825645855665208,10.174324220311258,2.46273302855309,0.1073787291728585,0.674719512462616,0.013037510216236115,,0.5573580861091614,1.1613502502441406,,0.40247860312461853,1.0816277265548706,
109,Brandon Saad,L,25.9,73,215,76.4699971522577,14.04227488656342,2.028799617276713,1.0020223502725363,0.9095964259400963,0.7760815020747484,1.2132903337478638,0.5920033132135868,1.7678845090270041,1.1416659355163574,0.7482363413572312,1.760961011528969,0.8852724432945251
110,Brandon Sutter,C,29.6,75,190,75.37580235183239,14.329663695798812,1.4847814527653158,2.4576502304196355,0.7313328734133393,0.014594988897442818,0.3772689402103424,0.2607984366758168,1.0725815296173096,0.28032633662223816,0.39958183924034235,0.9908085465431213,0.1264238953590393
111,Brandon Tanev,L,26.8,72,189,63.546049305200576,9.976607198998332,0.1492785548504591,1.8377451386243104,0.40409893604554237,0.013313966803252697,0.3420061469078064,0.03614246260404773,1.1223100423812866,0.23401835560798645,0.5444350566186011,1.020555853843689,0.10839354246854782
112,Brayden McNabb,D,27.7,76,215,79.25364750385285,16.04123620978296,0.35521908269459007,1.0374024934694914,0.10956767684184016,0.04461103384864141,1.518876314163208,0.13365069096815277,1.032440185546875,1.2345737218856812,0.35183048248291016,1.1468335390090942,1.6668124198913574
113,Brayden Point,C,22.6,71,180,77.65584177732468,14.963884069770575,2.4426101576223966,1.1159779527902602,1.0208812470011412,1.6683519353115,1.1261755228042603,0.46513861933520434,1.907604104781151,0.8114768862724304,0.5364971769466996,1.5273577308893205,0.9220345616340637
114,Brayden Schenn,C,27.1,73,199,77.54969730272889,14.125426536838711,3.3872065247017886,0.21092461682438848,0.5669069162793459,2.189106323971599,1.1386358737945557,0.68293045476079,1.6688381493091584,1.0094696283340454,0.7284541492283344,1.6335320791721342,0.7829549908638
115,Braydon Coburn,D,33.6,77,224,73.91749960939089,15.377781312416495,0.12507208981087803,1.934086310461536,0.07761404696251861,0.13543718266944163,0.0835450142621994,0.31952331139817836,1.5016474723815918,0.1729070395231247,0.3328575685620308,1.6099249124526978,0.11125154793262482
116,Brendan Gallagher,R,26.4,69,186,61.5660722206533,13.342277126480639,2.5198892302501945,0.15026879775434732,0.8397468835555016,1.4822968820303677,1.0307464599609375,0.5526613469918966,2.089319797170162,0.9002431035041809,0.7502741432344913,2.0918981512784955,0.722099244594574
117,Brendan Gaunce,C,24.5,75,219,44.09763329267502,10.122309782880988,0.015418068682670594,1.9067654284641147,0.7074552774429321,0.01836179569363594,1.2460108995437622,0.6012017726898193,1.2243269681930542,1.2273143529891968,0.40255401700735094,1.1250027418136597,0.9477524161338806
118,Brendan Guhle,D,21.2,74,197,28.772803355455398,16.433104183962538,0.46274698230159295,0.5345677315847362,0.19912467814981938,0.12659798306160444,1.210234522819519,0.2479482889175415,1.3379759788513184,1.4991698265075684,0.35489325955510137,1.4436283111572266,1.234362244606018
119,Brendan Leipsic,L,24.4,70,180,63.21943721532821,12.563185889615118,0.7067183617472648,0.10811851988691092,0.7045311331748962,0.009044231846928596,1.4548228979110718,0.6098425388336182,1.1831576824188232,0.9368287324905396,0.4025129362940788,1.07217276096344,0.7062046527862549
120,Brendan Lemieux,L,22.5,73,215,19.259191427230835,10.331826851267705,0.10691352101773019,0.08598805274814367,0.6894566416740417,0.014546864666044712,,0.6443524956703186,1.1736871004104614,,0.40231063574552534,1.0743690729141235,
121,Brendan Perlini,L,22.4,75,211,71.40237032055855,12.963090926055612,1.8744464073359965,0.06570494663786888,0.8653604670614004,2.003126060679741,1.0003674030303955,0.07941438812089154,1.5565714851617811,0.7047893404960632,0.2949433046840131,1.3540796686410905,0.6529308557510376
122,Brendan Smith,D,29.6,74,200,49.686507742404935,16.316211724062267,0.3548179849746823,1.1613425006635487,0.13646030853614208,0.8185723996472881,0.0907188430428505,0.2638236501350999,0.9707207083702087,0.14555497467517853,0.31443823128938675,1.0901495218276978,0.07048202306032181
123,Brenden Dillon,D,27.9,76,224,74.24983467694372,16.588008280190827,0.1715065234209299,0.7362237398367076,0.07137782924795259,0.12013812541618528,0.0803624615073204,0.18966427107676861,1.3175547122955322,0.16019511222839355,0.33764964193105695,1.435208797454834,0.09821029007434845
124,Brent Burns,D,33.6,77,230,76.07346198420971,19.8877211137712,3.5482048783354463,1.4956993129767477,0.5862479963514954,1.2668005996419116,0.1206681877374649,0.531027007350959,2.389149640190601,0.15517161786556244,0.511446358859539,2.1756241407975554,0.09247031807899475
125,Brent Seabrook,D,33.4,75,220,74.48398994125426,17.502157798770817,2.4347795601405204,1.5953337328974158,0.15801373626440762,0.9804830308655277,0.08884195238351822,0.28754096912849697,1.6874321107745172,0.1800174117088318,0.40053212314844133,1.6565473588824273,0.08312340080738068
126,Brett Connolly,R,26.4,75,198,60.418152290582654,10.561865136559307,1.2109931782409549,0.11528888003271819,0.8001860936112701,0.01922512799501419,1.2574443817138672,0.4895282352298498,1.0005302429199219,1.108123779296875,0.557309978324175,0.9262851476669312,0.8417842388153076
127,Brett Kulak,D,24.7,73,197,74.39226221144199,13.84193669613433,0.010437347983926535,0.4436849773091078,0.19938496820628643,0.13264221148925473,1.2870317697525024,0.23183223605155945,1.209322452545166,1.4437335729599,0.35497015863657,1.3595426082611084,0.939213752746582
128,Brett Lernout,D,23.0,76,214,30.534483650028704,16.502407151288608,0.006364613286504149,1.366195954775214,0.19996169596910476,0.14777076401436107,1.2483668327331543,0.28722620010375977,1.3499609231948853,1.4840887784957886,0.35532419458031655,1.486661672592163,1.3027435541152954
129,Brett Pesce,D,23.9,75,206,70.75633175611496,17.49560038596081,0.4551661211830079,1.904112032202631,0.014415613710038508,0.3794397384343167,0.10810533910989761,0.325212070893636,1.1900609731674194,,0.3580228899906427,1.2631531953811646,
130,Brett Ritchie,R,25.3,76,215,77.27133708894253,10.572036924296619,1.5990221240356566,0.050693333418667316,0.7830902632083744,0.8115790642218664,1.264276146888733,0.05891865221259184,1.6119612095832825,1.2371547222137451,0.3885505509980023,1.5290375747203828,0.9694862961769104
131,Brian Boyle,C,33.8,78,245,70.48723328800872,10.280922554601728,1.093858047923073,1.3878583800718187,0.5427442813858391,2.078981119429786,1.5426337718963623,0.2701891271877289,1.9584139605998994,1.3940051794052124,0.5290421404004098,1.5789710042238236,1.0723142623901367
132,Brian Dumoulin,D,27.1,76,207,75.4125700329244,17.454204027250658,0.26029990357336397,1.880233852824817,0.0022965536440126898,0.056307137382388676,0.10335303097963333,0.3585126350196855,1.1181108951568604,,0.27015712803925074,1.2712079286575317,
133,Brian Gibbons,C,30.6,68,175,65.32524524994194,11.958996143761276,0.019466486324071886,2.7983349996179343,0.7197517156600952,0.009652250446379185,1.5026190280914307,0.5404785871505737,1.3123509883880615,0.876144528388977,0.4024938803911209,1.1779166460037231,0.7077959775924683
134,Brian Gionta,R,39.7,67,178,31.64676556110382,13.205744356777505,1.5014078029803932,0.338660507699728,0.765664279460907,0.013985751196742058,1.2397739887237549,0.7066836953163147,1.367919921875,0.8544710278511047,0.4022972795367241,1.2662357091903687,1.1866207122802734
135,Brian Lashoff,D,28.2,75,215,15.505938900113106,13.751210426420261,0.0022704647481441497,1.1818885895676383,0.19939725048840046,,1.3261646032333374,0.21288804709911346,,1.7029470205307007,0.3545118759572506,,1.3084372282028198
136,Brock Boeser,R,21.6,73,208,65.68201991856098,14.745752777391672,2.8284463545054197,0.1186495798165202,0.6897761225700378,0.018016574904322624,1.4102751016616821,0.5904473066329956,1.134265422821045,0.838705837726593,0.4024081373214722,1.0465915203094482,0.8986971378326416
137,Brock McGinn,L,24.7,72,187,73.26538841366768,12.199096365755798,0.2803940369336009,1.0325447526305913,0.7423166339337827,0.013466624543070793,1.0989093780517578,0.25271394003659486,1.0930196046829224,0.9930704832077026,0.45987349421307444,1.0088356733322144,0.7383769750595093
138,Brock Nelson,C,27.0,76,210,75.68048366546631,12.620829617308079,2.067924717753753,0.6967646879896522,0.806224980098009,1.3556676487080754,1.310806155204773,0.31346598429560657,1.5861139097452162,1.1054991483688354,0.8045412545025349,1.924819177699089,0.8362579941749573
139,Brooks Laich,C,35.3,74,200,22.19246867660433,9.624011712542561,0.09681785329420717,2.0047002169288937,0.7128846049308777,0.017434196546673775,1.7740498781204224,0.60422283411026,1.1092562675476074,1.004673957824707,0.4022377434372902,1.0267577171325684,0.8651096820831299
140,Brooks Orpik,D,38.0,75,217,80.0818063217029,17.368840527974815,0.15157301873013376,2.187228513244912,0.046511547368684555,0.14094229041444098,0.09265203028917313,0.2176422949590313,1.5402849912643433,0.19518741965293884,0.40442517176270487,1.626096248626709,0.0884779840707779
141,Bryan Little,C,30.9,72,191,59.559506733417514,14.075931373092532,2.630194304211438,1.5622373744875193,0.7769494394421578,1.5453924819521607,0.3387337923049927,0.626071858522296,1.5645056491017342,0.271489679813385,0.8019236089795828,1.5948613023519516,0.1500883400440216
142,Bryan Rust,R,26.4,71,192,69.75022100031376,12.750890005117656,0.40831332847451174,0.7350464342643818,0.7195317910509804,0.012221822515130043,1.0645917654037476,0.6781212182328105,1.047524094581604,0.9200453758239746,0.3532864505164325,0.9857672452926636,0.7450692057609558
143,Byron Froese,C,27.6,73,202,52.541134305000305,10.49492440660894,0.021457527988255023,1.3055868984043597,0.6736183762550354,0.013993662782013416,1.1451499462127686,0.6358577609062195,1.1071068048477173,1.0319904088974,0.4025354370474815,1.018987774848938,0.7906766533851624
144,Cal Clutterbuck,R,30.9,72,212,71.72971304237842,10.485452831834554,0.2887575928988308,1.9166340420022607,0.41264565739491577,0.015375127084553242,0.3446750044822693,0.42009616616129875,1.117228388786316,0.2767224907875061,0.5921238449424505,1.0417594909667969,0.18540142476558685
145,Cal O'Reilly,C,32.0,72,188,12.661145232915878,9.262911875899595,1.459556648385525,0.15431441414603592,0.6909123659133911,,1.5616496801376343,0.5659165978431702,,0.9184669256210327,0.4024622416496277,,0.7484667301177979
146,Calle Jarnkrok,C,27.0,72,192,74.05889061748981,12.49728199979961,0.6145343661677093,1.901586005319655,0.5896457057848572,0.014779677614569664,0.32505810260772705,0.3421108313578367,0.9668794274330139,0.24382585287094116,0.7468348168611527,0.9061015844345093,0.16675324738025665
147,Calle Rosen,D,24.7,73,188,17.437442631721495,16.7916648721992,0.02614983184300363,0.5000731598150093,0.19805836178362368,0.14247523618589375,0.9503829479217529,0.2206108272075653,1.2739766836166382,1.187535285949707,0.35507405251264573,1.3729244470596313,0.9936045408248901
148,Calvin de Haan,D,27.4,73,195,40.789732820391656,17.181103910242424,0.01217548882909119,2.5493865679711103,0.1996243876218796,0.4453560975559073,0.06691482663154602,0.22056692838668823,1.1452603340148926,0.14123305678367615,0.3548418623209,1.2537059783935547,0.09545430541038513
149,Cam Atkinson,R,29.3,68,176,70.71216047585011,13.701369856713713,2.425572706528381,1.4674405182987451,0.923856722613424,1.8007248133935032,0.32941150665283203,0.5664799388024807,1.7049254254817963,0.2403642237186432,0.6338089044775963,1.6392829387068748,0.11389851570129395
150,Cam Fowler,D,26.8,74,215,68.8539545057714,18.540662961495663,2.7043882848449052,2.0180937763534486,0.1624211308121681,0.6546212943663224,0.0871000736951828,0.2912766483221203,2.052812057480216,0.14968355000019073,0.2945363223552704,1.9256754086256027,0.09866423159837723
151,Carl Dahlstrom,D,23.7,76,231,22.758808011710645,15.279115344521172,0.012422457290229201,1.1964245221051482,0.2008674678951502,0.14904525113622455,1.175054907798767,0.22214099764823914,1.4524801969528198,1.4419074058532715,0.3550138995051384,1.5729539394378662,1.2770087718963623
152,Carl Gunnarsson,D,31.9,74,198,52.083168484941126,15.234160105900465,0.14433300717732309,1.0653852288085968,0.09504614029419065,0.5078229015775435,1.2733114957809448,0.1642586079284032,1.1713048219680786,1.6581394672393799,0.4146835859119892,1.2690097093582153,1.278049111366272
153,Carl Hagelin,L,30.1,72,183,70.74314394807443,13.212201406669617,0.2171955263211727,2.0717809840030967,0.5526178060822189,0.013204236514866352,0.27975642681121826,0.5779079031139612,1.1056569814682007,0.2579519748687744,0.8077010012030602,1.0130114555358887,0.15066178143024445
154,Carl Soderberg,C,33.0,75,210,76.96559175033123,13.173566914641858,1.8144718508761377,1.2700360234707593,0.37079079247513413,1.1426550245054066,0.31548961997032166,0.6582115680128336,1.723788437485695,,0.7289721713602543,1.7960491385698318,
155,Carson Soucy,D,24.2,77,208,18.19564781755209,15.959412678251873,0.011803633889102936,0.695250232064692,0.20003594137728214,0.1492908826509919,1.463584065437317,0.24825580418109894,1.3342548608779907,1.8021780252456665,0.35578804075717924,1.5064659118652344,1.0659270286560059
156,Carter Rowney,C,29.4,74,208,48.669849231243134,8.382865662370119,0.03491690728098154,2.330565569099784,0.6776185631752014,0.01590988226234913,1.0343204736709595,0.53368079662323,1.1148173809051514,0.7638575434684753,0.40242512911558154,1.0282062292099,0.6696525812149048
157,Casey Cizikas,C,27.6,71,190,63.27267337083816,10.651603704963625,0.19018813646644356,2.033534340876341,0.4686879331186414,0.011926568113267422,0.3640453815460205,0.5735423749357462,1.0517253875732422,0.23225390911102295,0.738167501142621,0.9800073504447937,0.1645347625017166
158,Casey Mittelstadt,C,19.9,73,195,16.937088215351103,11.109300500466206,0.5138595114275812,0.10225204296410084,0.699282169342041,0.013933315873146057,,0.6125555038452148,1.143157720565796,,0.4023307353258133,1.0469393730163574,
159,Casey Nelson,D,26.2,73,185,44.678448249399665,16.836780663315455,0.09592044045060874,1.253271897521615,0.1985318087041378,0.1187095699917742,1.1554850339889526,0.21463735401630402,1.2706189155578613,1.3814107179641724,0.3562647195160389,1.3851689100265503,1.27787446975708
160,Cedric Paquette,C,25.1,72,205,50.1849560238421,10.339548472502827,0.1702428584253788,1.4419515403404832,0.4415043863356113,0.01364425104111433,0.9298996329307556,0.21070028609275818,1.089404582977295,0.686408519744873,0.6232117225527762,1.0070539712905884,0.6178389191627502
161,Chad Ruhwedel,D,28.4,71,191,51.002420445084574,15.420005684476942,0.020551088112682102,0.730412160765171,0.1995526673644781,0.0986969040581248,1.234235167503357,0.22248046100139618,1.1551188230514526,1.2947925329208374,0.3550498493015766,1.2604540586471558,0.9563360214233398
162,Chandler Stephenson,C,24.4,72,209,69.9995167797804,10.557564399398863,0.06059556332087517,1.4200269673615695,0.6826419234275818,0.014926496893167496,1.1141968965530396,0.5476168394088745,1.131789207458496,1.0844990015029907,0.40256271839141844,1.0502232313156128,0.8257965445518494
163,Charles Hudon,L,24.3,70,190,75.21891083933413,12.791196603366732,1.3802429337054491,0.09837233268767595,0.6909012794494629,0.012293682433664799,1.0309809446334839,0.524594783782959,1.2503397464752197,0.9376402497291565,0.40251792669296266,1.1313477754592896,0.6933640241622925
164,Charlie Coyle,C,26.6,75,223,71.85580813530832,13.887249612931907,1.7083540936797856,0.5352518319360912,0.6003760199144482,0.6133672359921039,1.2936711311340332,0.7944671077698469,1.860630736541748,1.1801804304122925,0.7521517374873161,1.6710596388339995,0.8334284424781799
165,Charlie McAvoy,D,20.8,73,209,67.87029254347085,20.682982411587236,1.6992969049144535,1.0127165357857943,0.1980852484703064,0.7923329943788562,1.0116087198257446,0.2786201536655426,1.144850254058838,1.224341869354248,0.3558073288202286,1.2325743436813354,1.0561589002609253
166,Chase Balisy,C,26.7,71,179,17.548915829658508,10.550835977134128,0.005907148644328117,0.7004418347549438,0.6902729868888855,,1.414135217666626,0.5948867201805115,,0.8357510566711426,0.4024862757325172,,0.6595224142074585
167,Chris Bigras,D,23.6,73,191,27.986874263584614,14.031462478488166,0.01952864885768165,1.1313877541127413,0.19859220989048482,0.13783196433532843,1.1290388107299805,0.272187203168869,1.3121974468231201,1.2340422868728638,0.3553436681628227,1.432106375694275,1.2818681001663208
168,Chris Butler,D,31.9,73,196,19.09936008155346,16.30335230361263,0.14643984064262744,0.6269916577149762,0.19884368427097798,0.1253665811624973,1.1683650016784668,0.22205910086631775,1.261175513267517,1.3879221677780151,0.35561299085617065,1.3639304637908936,1.33840811252594
169,Chris Kelly,C,37.9,72,190,22.77472930431366,9.843129489369343,0.006617535574956144,1.9950996209522824,0.715934693813324,,1.3230953216552734,0.7093718647956848,,0.89060378074646,0.4023294994235039,,1.2617655992507935
170,Chris Kreider,L,27.4,75,230,69.74091111719608,13.445843041342496,2.413881821045652,0.1080670695284009,0.7531933239184321,2.1149212887585165,1.3238141536712646,0.6591737780302762,1.8300952587604522,1.2345572710037231,0.7627134984433651,1.7294045085906984,0.8516855835914612
171,Chris Kunitz,L,39.0,72,188,72.00521509423852,13.039633878444135,1.781981077169627,0.4849738822864891,0.5020553217895328,0.015743466094136238,0.3919697701931,0.5728171866297722,1.1505444049835205,0.26181235909461975,0.6716890033125877,1.0522137880325317,0.12362616509199142
172,Chris Stewart,R,30.9,74,242,58.13728595495224,10.773373572383822,0.9377458106614649,0.12348079112154245,0.6292050682730972,0.02145528979599476,1.8996460437774658,0.4128301726218462,1.227744221687317,1.291048526763916,0.542046832988739,1.109007477760315,0.9553771615028381
173,Chris Thorburn,R,35.3,75,235,59.929582093656066,7.306264948855341,0.15398044167762995,0.36180606613183025,0.1965709524601996,0.019745733588933945,1.981684923171997,0.30129083793342115,1.333004355430603,1.3254597187042236,0.4954110278213024,1.2056032419204712,0.9644084572792053
174,Chris Tierney,C,24.3,73,191,78.32151562444865,11.955060953445733,0.5866555936090947,1.2181298572450878,0.42304223708882926,0.015207856893539429,0.2694913148880005,0.6308432965308427,1.0585914850234985,,0.6037253772556782,0.9953542947769165,
175,Chris Wagner,R,27.3,72,192,80.84755147308111,8.98897686980913,0.13835024292095008,1.3096639281029503,0.6488826347877582,0.012469520792365074,0.34704312682151794,0.25772534333026403,1.0342227220535278,0.2366044670343399,0.08774603195649384,0.9551270604133606,0.11056369543075562
176,Chris Wideman,D,28.7,70,181,27.752502882182597,12.875775873205567,1.2331896367193724,0.2972556823439339,0.19924866929650306,1.1632486387034662,1.3148317337036133,0.20176461338996887,1.4361579418182373,1.0729215145111084,0.35531743600964544,1.5271986722946167,1.3315225839614868
177,Christian Djoos,D,24.2,72,180,68.67953297577799,14.560672395628691,0.054948197065800425,0.30011733121573925,0.1983974228054285,0.13227767891880035,1.1192494630813599,0.30576610565185547,1.378390908241272,1.412445068359375,0.35578945964574815,1.5373183488845825,1.1505393981933594
178,Christian Dvorak,C,22.7,73,193,79.52232681065797,13.452025213651359,1.699171021684259,1.099343728733063,0.7872116568766534,0.9477334396068937,0.3456459939479828,0.46696105862227266,1.756023011636734,0.23491297662258148,0.41305892523229126,1.3427326217651367,0.11804638803005219
179,Christian Fischer,R,21.5,74,212,81.39196036279202,11.96100413709581,2.0462655168026687,0.10761300122064352,0.6751448512077332,0.016257373616099358,1.469968557357788,0.5883148908615112,1.123540997505188,0.86747807264328,0.40236095696687696,1.0380710363388062,0.9366916418075562
180,Christian Folin,D,27.6,75,204,63.866909303069114,14.497328634095192,0.011583171693563462,1.1843138966321944,0.08330489960759876,0.13238852614036953,1.2759547233581543,0.1829689325706681,1.2129963636398315,1.6854223012924194,0.5268464243419468,1.3061580657958984,1.282339096069336
181,Christian Jaros,D,22.5,75,222,15.489470780193805,15.192416270523637,0.006743257790803909,0.57968780274868,0.1999741853773594,,,0.2543332874774933,,,0.35484630927443506,,
182,Christian Wolanin,D,23.5,74,190,22.070393548309802,16.34930013985637,0.42950310486109555,0.42687238623493967,0.19807054542005062,0.12860608597329198,0.9746494889259338,0.22705572843551636,1.2796674966812134,1.1893404722213745,0.3552187553048134,1.4357224702835083,1.038050889968872
183,Christoph Bertschy,C,24.5,70,185,11.772748460769654,10.440562731129285,0.012577081874012947,0.0700739186257124,0.6990311741828918,0.013058851473033428,,0.5735381245613098,1.1694024801254272,,0.4023999294638634,1.0988140106201172,
184,Christopher DiDomenico,L,29.6,71,174,31.672124834060668,10.697034084499819,1.3916660490363835,0.10075465869158506,0.6850493550300598,0.012776249088346958,,0.6059212684631348,1.1957347393035889,,0.40247121304273603,1.0983119010925293,
185,Christopher Tanev,D,28.8,74,193,48.33436041623354,17.375644221264867,0.5330847333980501,2.5337928661711517,0.08958482919178226,0.7033371597836675,0.0676172748208046,0.1740124160196384,1.243124008178711,0.15671579539775848,0.4835970026254654,1.3609254360198975,0.10864918678998947
186,Claude Giroux,R,30.7,71,190,76.90847069263458,15.48853333850652,3.5557677802119403,0.8603162073981017,0.5511574358046055,1.7414586255252362,1.222806692123413,0.6281977872937918,2.080640320444107,0.8840848803520203,0.8871107957899571,2.4310426500082016,1.0406187772750854
187,Clayton Keller,R,20.2,70,178,81.89920459270478,15.211193595501781,2.822276187327504,0.17994482146292926,0.7248291373252869,0.014631364494562149,1.1209412813186646,0.6242229342460632,1.280163288116455,0.7718999981880188,0.4022360780835152,1.1967726945877075,0.7768555283546448
188,Cody Ceci,D,24.8,74,210,74.49177054971456,18.120883624236285,0.7258151154042483,2.3328036607969556,0.1968559888552875,0.11527080661151558,0.07143238186836243,0.25178673054203393,1.9986912635803222,0.13987906277179718,0.3716430802643299,1.8465211309671403,0.09359733760356903
189,Cody Eakin,C,27.4,72,196,70.74244239851832,13.25282884567678,1.0981824562031777,1.7258059529080987,0.46014484264329075,0.01348512340337038,0.3187382221221924,0.3082582466576099,1.0391045808792114,0.2773813009262085,0.7685331457376481,0.958142876625061,0.15020616352558136
190,Cody Franson,D,31.1,77,224,33.94433105975389,16.55090156236828,1.8504503222547473,0.3264557215576172,0.2007964077591896,0.6482269640229195,1.3671945333480835,0.20045582950115204,2.048634106147289,1.6454039812088013,0.35542415753006934,2.080754205083847,1.420329213142395
191,Cody McLeod,L,34.3,74,204,53.094128677845,8.062405787980557,0.2018027701841444,0.5918228808417917,0.3002057226905227,0.01572468690574169,1.378663420677185,0.10124879361712934,1.193159818649292,0.868825376033783,0.5706437728881836,1.0805541276931763,1.294884204864502
192,Colby Cave,C,23.8,73,200,14.291381454505027,10.900056834618619,0.016151868179440497,0.2896689562872052,0.6768805384635925,,1.6304596662521362,0.6093034744262695,,1.0865472555160522,0.40247672975063326,,0.7977173328399658
193,Colin Miller,D,25.9,73,200,74.83209389716387,14.408778541862592,1.6393339449706177,0.4525321205684741,0.15772938945094744,0.6499375323409836,1.3879728317260742,0.43799152441645656,1.7380047555486362,1.2233446836471558,0.27942365171342093,1.7209232411901156,1.473695158958435
194,Colin White,C,21.7,73,194,29.581469656229018,11.937688967351251,0.5357651871532202,0.12856044937735794,0.6869811415672302,0.012768006883561611,1.1938315629959106,0.6123718023300171,1.130375623703003,0.8639547824859619,0.4024576726555824,1.0452125072479248,1.0240432024002075
195,Colin Wilson,C,28.9,73,215,60.675115573108194,12.486148048880697,1.970859019336477,0.12436591263258458,0.43895231815502045,1.144823010762781,1.7255786657333374,0.7280747066825628,1.7770245560646056,1.1554290056228638,0.6379453322649002,1.5983724955081942,0.8311561346054077
196,Colton Parayko,D,25.4,78,228,76.35739706397057,17.183508465734374,1.5918723876853784,1.6582283763644596,0.012459901285997855,1.2355350454183918,0.12433850765228271,0.6524633877674895,1.8549750473638378,,0.36543557315731046,1.6719881557265917,
197,Colton Sceviour,C,29.4,72,190,72.68337380055338,10.915284659716486,0.646535434821993,1.5784499116539954,0.5448777589760722,0.013275031931698322,0.25563758611679077,0.395502292317152,1.0837798118591309,,0.686652121603489,1.0019819736480713,
198,Colton Sissons,C,24.9,73,200,73.72745891034603,11.136511276994646,1.0823173274397848,1.6377100328542291,0.646588357188925,0.014847598038613796,0.35507237911224365,0.08879308924973012,1.0414683818817139,0.24880188703536987,0.2319801698822081,0.9647089838981628,0.12055815011262894
199,Connor Brickley,L,26.6,72,203,48.88304615795612,10.369453900960753,0.04895261457413435,0.9991701348051429,0.6695164442062378,0.012394147925078869,1.2214369773864746,0.5462349653244019,1.0865775346755981,0.7182856798171997,0.4023705962300301,1.0146249532699585,1.1342564821243286
200,Connor Brown,R,24.7,72,181,80.7513593518734,12.670591033297777,1.2817988817162813,1.9446899931833146,0.8709395653452724,0.8903341180535033,0.3307042419910431,0.37559240885791373,1.801919796323776,0.22678743302822113,0.30057414057925347,1.3195910421133041,0.10312575101852417
201,Connor Carrick,D,24.5,70,198,53.70021740376949,15.520064259454607,0.14598645680367944,0.4120335232715607,0.08291293666958807,0.8674471119688836,1.1971839666366577,0.0764514309973548,1.3060699701309204,1.3005989789962769,0.5950741706942321,1.450912356376648,0.9567751884460449
202,Connor McDavid,C,21.7,73,193,80.27365028679371,16.502928458513317,2.956876098128284,0.8071341211130221,1.2099239400789141,1.1935022989253201,0.3418015241622925,1.225835405621926,3.0528349031845727,0.2767501175403595,0.6808053832113743,1.278953915944338,0.11596161127090454
203,Connor Murphy,D,25.5,76,212,72.07280524011702,16.42515934481695,0.3705937428217232,1.396429168440029,0.11220551948599791,0.4012356934213382,0.1002313420176506,0.1859920361207181,1.3396334648132324,0.14654238522052765,0.40478281408548356,1.5065537691116333,0.09347759932279587
204,Conor Sheary,L,26.3,69,179,74.50107709765435,11.801637458180885,1.2191595631793142,0.02526722701895237,1.1462142772679529,1.1707849290438928,0.8505426049232483,0.5140098674972852,2.100539957499504,0.8093135952949524,0.46944624122853085,2.044112478685379,0.508097231388092
205,Corey Perry,R,33.4,75,208,71.48239496037364,14.673591719150544,2.8210889182318,0.14633731741410494,0.9492336301103236,1.6351953968510031,1.5139578580856323,0.6857371923327447,1.8066752699017523,1.0533528327941895,0.6364174764752388,1.6767160733938216,1.2158756256103516
206,Cory Conacher,C,28.8,68,185,44.340101571679114,10.007437905115902,0.19135076511681082,0.11213735828733444,0.7052412033081055,0.009134607389569283,1.475264072418213,0.5026304721832275,1.297871708869934,0.9203622341156006,0.402492992579937,1.1706242561340332,0.7110703587532043
207,Craig Smith,C,29.1,72,204,77.95374468119815,12.825148037859798,2.013433584130183,0.1217862796781063,0.7670935189120471,1.5814347325451674,1.1441439390182495,0.6103414812232256,1.7868497467517852,1.05521821975708,0.6182741335749626,1.6515655083179475,0.7933069467544556
208,Curtis Lazar,C,23.7,72,203,67.74544300675392,9.580417375278474,0.02801645711362362,0.5180392351791262,0.699134349822998,0.014787351712584496,0.9894746541976929,0.5508973598480225,1.1842083930969238,0.8412851095199585,0.4023489138484001,1.0946197509765625,0.528976559638977
209,Curtis McKenzie,L,27.6,74,205,16.925708959102632,9.677609082303844,0.049173908934871356,0.9982653238359094,0.6538956761360168,0.01614593155682087,,0.5180666446685791,1.0853502750396729,,0.40211728632450106,1.0136996507644653,
210,Curtis Valk,C,25.6,69,170,13.739311947859823,11.04126555018789,0.012254012376070022,0.06717001710087062,0.7191980481147766,,,0.5736332535743713,,,0.4024061253666878,,
211,Dakota Mermis,D,24.7,72,195,22.235349351763727,16.54910120645345,0.017733104245474935,0.4052595214490793,0.19795289419591428,0.143368926849747,1.2533373832702637,0.2485588788986206,1.2077826261520386,1.3686143159866333,0.3552543205022812,1.3634490966796875,0.9280920028686523
212,Dale Weise,R,30.2,74,196,50.69748610172421,11.20271326789558,0.6941843719657511,0.26685097792720797,0.5108631783060729,0.014499212615191936,1.749309778213501,0.46917609624147416,1.0748591423034668,1.1387015581130981,0.5346015471249819,0.9858332872390747,0.8326067328453064
213,Dalton Prout,D,28.6,75,215,17.747800609469415,14.384740430142715,0.0025158418191463658,1.0409140857925017,0.1996609654277563,0.13771284953836177,1.3362175226211548,0.18470187485218048,1.2294706106185913,1.7099300622940063,0.3542550165951252,1.3571122884750366,1.3095182180404663
214,Damon Severson,D,24.2,74,205,63.51523316934705,17.83813657439202,1.9126206257134675,0.21910162742294373,0.2008303382407873,0.09045055631548166,1.3257396221160889,0.2504492848896165,1.9107874936103821,1.5464986562728882,0.3460140211880207,1.7435014732627274,0.9895232915878296
215,Dan Girardi,D,34.4,73,212,67.32516501992941,17.114773826562615,0.3829018370845914,2.252521053303406,0.12354401420056821,0.7795722096636725,0.08534901589155197,0.23068891696818172,1.2385730743408203,0.17111322283744812,0.31540785759687423,1.3568633794784546,0.08000001311302185
216,Dan Hamhuis,D,35.8,73,204,57.95135037779808,17.210398738222572,1.2576683958880603,2.00230017060712,0.04109507716485879,0.36192351452173976,0.0895574614405632,0.35526390302777294,1.2196160554885864,0.17538022994995117,0.40742182821035383,1.3484619855880737,0.07698836922645569
217,Danick Martel,L,23.8,68,184,16.070577796697616,11.035021037167052,0.005813802480697632,0.08144914370030165,0.7246079444885254,,,0.6093969345092773,,,0.40241693913936616,,
218,Daniel Brickley,D,23.5,75,203,14.474169644117355,15.481405877465445,0.008084330763667822,0.5906213463856915,0.19942500717937947,,,0.23049649596214294,,,0.3556191396713257,,
219,Daniel Carr,L,26.9,72,186,44.28690985742956,10.78553604202982,1.046300384655595,0.11264365418970584,0.6683127880096436,0.011631988920271397,0.9091203808784485,0.5528202056884766,1.0841565132141113,0.6518723964691162,0.40237621396780016,0.9962694644927979,0.6560490727424622
220,Daniel Catenacci,C,25.6,70,193,11.571173503398896,10.473632484227583,0.009423020610427857,0.09965280407391787,0.6918721199035645,,,0.6121302843093872,,,0.4024586156010628,,
221,Daniel O'Regan,C,24.7,70,180,28.974940640963613,10.384618840441242,0.49991688738167284,0.22339602607798578,0.7103943228721619,0.012856259942054749,0.9957687258720398,0.5906730890274048,1.151353359222412,0.7620140314102173,0.4023838809132576,1.0748695135116577,0.9146257042884827
222,Daniel Sedin,L,38.0,73,190,75.56910679459571,13.97782137799412,3.0529799129307267,0.36091653716027733,0.6384136380068958,1.5546443700619041,1.370446801185608,0.7897145643472671,1.8897940674066545,0.9316148161888123,0.7269281314730645,1.6006722219705583,1.2828898429870605
223,Daniel Sprong,R,21.5,72,202,18.269861429966987,10.382975218299636,0.5351807716424649,0.09893260225019088,0.6687449216842651,0.012842291966080666,1.3363159894943237,0.686739981174469,1.1732432842254639,0.8048895001411438,0.40250161170959475,1.0772309303283691,0.8549524545669556
224,Daniel Winnik,L,33.6,74,210,74.07585458785296,11.485990988211334,0.18678945631772279,2.3831201650202276,0.3850273746408521,0.017938409000635147,0.4398097097873688,0.6498080363512039,1.1302357912063599,0.3299061357975006,0.6951458314180374,1.0584659576416016,0.17537370324134827
225,Danny DeKeyser,D,28.6,75,183,71.08316886018962,18.353015099288527,0.563547358712852,2.177448251038417,0.16476017051450909,0.02505213116750217,0.07576208561658859,0.2346464483145625,1.220995545387268,0.14267036318778992,0.45771320939064025,1.3103939294815063,0.10614268481731415
226,Danton Heinen,L,23.2,73,188,79.78705440700054,12.935877588683367,1.9325130708411333,0.3632681024301052,0.6653141975402832,0.013185783289372921,1.2269216775894165,0.6215683817863464,1.1728488206863403,0.8690690398216248,0.40234124213457106,1.0799086093902588,1.0183888673782349
227,Darnell Nurse,D,23.7,76,221,81.85482276946306,17.315603331133353,0.15270480616667867,1.7854006210831304,0.1276041387526474,0.08282815011107209,0.11630849540233612,0.24308260541048232,1.3780299425125122,,0.2897513937796305,1.4833403825759888,
228,Darren Archibald,R,28.6,75,210,34.71625284910202,11.791346674308722,0.019184511130809784,2.869907617071271,0.6810606718063354,0.015359506011009216,1.37205970287323,0.5295813083648682,1.124853253364563,0.800510585308075,0.40226338148117063,1.0426379442214966,1.2508795261383057
229,Darren Helm,C,31.7,72,192,63.299323569536206,12.718154427634179,0.8246513785868882,1.7649709562212228,0.5603216674946249,0.014159807935357094,0.3737677037715912,0.46515226561987394,1.0497571229934692,0.2784217894077301,0.5754848080277443,0.9814044237136841,0.17435164749622345
230,David Backes,R,34.4,75,215,66.9047761118412,14.027924717363716,2.2788833126455548,1.1306998667359351,0.7268750092312694,1.7671415268406272,1.1351170539855957,0.6038548695623874,1.5456124786615373,0.8731647729873657,0.7289051497876644,1.5146959170103074,0.7202842831611633
231,David Booth,L,33.9,72,212,35.808227766752246,9.518276251305656,0.03709596998882294,0.13841887556046248,0.6694843173027039,0.016964366659522057,1.7546676397323608,0.675775408744812,1.1388120651245117,1.039222240447998,0.40237877756357193,1.064347743988037,0.8325812220573425
232,David Desharnais,C,32.0,67,180,76.26781095147133,12.621576371076703,1.8152415377322584,0.12638345021992922,0.35979672387039663,0.01048611756414175,,0.5066431431707143,1.412894606590271,,0.7876398346841335,1.2876310348510742,
233,David Kampf,C,23.7,74,197,50.73911441776902,11.403832152840495,0.0356207421335578,1.5886233927682043,0.6896606087684631,0.015107258222997189,1.2197920083999634,0.5977984666824341,1.1253809928894043,1.0373748540878296,0.40222298800945283,1.0256783962249756,0.8127970099449158
234,David Krejci,C,32.4,72,192,72.71119823850692,14.915839692258835,2.533495160061121,0.7640118797972798,0.5118636362165213,1.653186146146804,1.285872459411621,0.8996738420277833,2.116372988283634,0.9127252697944641,0.763055415007472,1.7481132685422898,1.0636118650436401
235,David Pastrnak,R,22.4,73,195,69.10905341489861,13.74750803694576,1.9794877280510963,0.14575635363876818,0.8628623418316245,3.0518680494318713,1.2092316150665283,0.7459613501801491,2.1688497227668764,0.8676110506057739,0.8699030702486635,1.454443503689766,1.0334573984146118
236,David Perron,L,30.3,73,196,72.90422202602029,14.01138048734814,2.3472393936894833,0.3882875879325271,0.6035312404215336,0.9008576373927295,1.354887843132019,0.6652336542516947,1.9172341061592104,0.9351810812950134,0.7780468925476075,1.9739480629205703,1.0888668298721313
237,David Savard,D,27.9,73,235,69.67999625876546,18.331490631304682,1.065340277427435,2.264637868783623,0.17739729098118848,0.3181303334972553,0.08006532490253448,0.2767917459949851,1.2169870138168335,0.15655505657196045,0.35014028891921045,1.3119322061538696,0.10255859047174454
238,David Schlemko,D,31.4,73,191,44.792319471538065,16.138847838990856,0.7728523695271462,1.3825427785634994,0.19859548583626746,0.41139252972631557,1.1583806276321411,0.20560826361179352,1.1470534801483154,1.3606115579605103,0.3548269659280777,1.2108641862869263,1.3280186653137207
239,David Warsofsky,D,28.3,69,170,29.656235346496103,15.406796610367309,0.07293976077681133,1.0607348481837822,0.1981555341184139,0.47192638193675823,1.0181894302368164,0.17802731692790985,1.624145746231079,1.1461207866668701,0.3551736891269684,1.7323259115219116,1.3010647296905518
240,Dean Kukan,D,25.2,74,190,22.72836593925953,15.208404069960535,0.026170447010445595,0.45429290377790804,0.19873022332787513,0.1400886005346298,1.1841830015182495,0.20693591237068176,1.2719160318374634,1.5258558988571167,0.3547347937524319,1.3749687671661377,1.2272506952285767
241,Denis Malgin,C,21.7,69,182,56.735248856544494,11.58211947579235,1.2655409565255045,0.041989191448688505,0.7833144535034895,1.6210637467066755,1.111243486404419,0.05594565615755321,1.7645350305080414,0.7409988641738892,0.4170884908989072,1.6560600408792496,0.7660964727401733
242,Dennis Rasmussen,C,28.2,75,192,35.711080572605134,9.722100209633489,0.024680429726839065,1.210827952450514,0.68418949842453,0.017988618463277817,1.2459564208984375,0.570159912109375,1.1356505155563354,0.8503679633140564,0.40229865044355395,1.051080346107483,1.0430428981781006
243,Dennis Seidenberg,D,37.2,72,199,38.846524575054644,18.598039094969813,0.024478207881078122,2.5960161083877087,0.19887013629078865,0.11968943693654625,0.07690580934286118,0.277914822101593,1.493606448173523,0.1710057407617569,0.3552849695086479,1.603875756263733,0.07472376525402069
244,Derek Dorsett,R,31.8,72,192,27.763112924136223,11.70164986978937,0.0671651115566492,2.7657153457209467,0.6679949164390564,0.014264943078160286,1.6010891199111938,0.5483915209770203,1.0783803462982178,0.9381982088088989,0.40242564052343366,0.9974939227104187,0.7559627890586853
245,Derek Forbort,D,26.6,76,208,80.19817975461483,18.089929655340313,0.024610875805407762,2.6199887539476157,0.0014612548882449179,0.12135188507796896,0.13975746929645538,0.22317990987449887,1.2052651643753052,0.17748935520648956,0.5708836060099304,1.3229446411132812,0.08361908793449402
246,Derek Grant,C,28.4,75,210,68.96413256645202,8.642809251338242,0.5911927523083985,1.5158306139558553,0.4768962792612612,0.01737639494240284,0.39033499360084534,0.3214382335908711,1.1411627531051636,0.2693459689617157,0.5079528743401169,1.0470166206359863,0.1374659240245819
247,Derek MacKenzie,C,37.3,71,177,69.46872549682855,9.547066309449077,0.2198584194881916,2.3408220399573447,0.16945907486474512,0.013766366988420486,0.3053871691226959,0.237049057017684,1.2972114086151123,0.29815858602523804,0.623320426305294,1.1676883697509766,0.1523849368095398
248,Derek Ryan,C,31.8,70,185,75.57043234825134,12.934083366498353,2.1703816377177834,0.40147841328382494,0.6052236154593527,1.3858317027093843,1.3026942014694214,0.381690890045464,1.6521354511022568,0.8796196579933167,0.5863900714740157,1.451046895980835,0.8207765221595764
249,Derek Stepan,C,28.3,71,196,71.72656677216291,14.229421801243722,2.5613550512433054,1.487242516207695,0.5206285119965672,1.1411961107447743,0.3425253629684448,0.8138058477431536,1.8454810606479644,0.27060040831565857,0.8501523203372955,1.7771080691337586,0.1693456619977951
250,Derick Brassard,C,31.0,73,200,75.54723124727607,14.62340643736571,2.6177691333808006,0.18343488711708783,0.6815013156019152,1.5264300040297212,1.3495988845825195,0.659638416197896,1.8184166848182677,0.9532641172409058,0.8114724167317152,1.848942657995224,1.1135917901992798
251,Derrick Pouliot,D,24.7,72,196,75.00681399643422,16.375538812351227,1.3481322618097067,0.3873147994500399,0.19932302966713905,0.4797639366597843,1.3594543933868408,0.2201051115989685,1.0125453472137451,1.2133756875991821,0.3550075413286686,1.1223556995391846,1.4191699028015137
252,Deryk Engelland,D,36.5,74,212,70.42240031447261,15.248634757477044,0.135066959325552,1.6660722888290884,0.14539951882734897,0.1292587987069659,0.09354918450117111,0.21703545666183813,1.4135100841522217,0.18311548233032227,0.41469075441360476,1.5526421070098877,0.08903007209300995
253,Devante Smith-Pelly,R,26.3,72,223,58.67225129514932,11.220208406063914,0.7388467662513256,0.9163481692880392,0.46417931895405057,0.014201686717569828,0.38496291637420654,0.238077300134778,1.155146837234497,0.2666396498680115,0.68593138718009,1.0776524543762207,0.11926636844873428
254,Devin Shore,C,24.2,73,206,80.9706699848175,12.312470463228227,1.9223943655215205,0.800608866599202,0.6398833896994591,0.5829586422338151,1.1590652465820312,0.3906014172509312,1.692304142355919,1.0932588577270508,0.31845190251991157,1.203570248603821,0.8399968147277832
255,Dillon Heatherington,D,23.4,76,215,20.511336081326007,15.413735770639216,0.0034763368871062995,0.6717289490107694,0.1984273334592581,,1.4279710054397583,0.23075564205646515,,1.7466740608215332,0.35552205368876455,,1.0819934606552124
256,Dion Phaneuf,D,33.5,75,222,69.51986177399755,17.601007528539,2.6485488492421805,1.9383006634596736,0.0977828390711277,0.7859830418366939,0.09035271406173706,0.24102893683984877,1.4469710326373577,0.18345120549201965,0.3261549451947212,1.3895590421319008,0.08292735368013382
257,Dmitrij Jaskin,R,25.5,74,216,53.915250837504864,11.566544589193166,0.5528129103384912,0.11923338539290429,0.2781417758552134,0.016494402661919594,1.0145207643508911,0.3318868429973126,1.1701240539550781,0.748950183391571,0.6761407235115766,1.0653834342956543,0.6450809240341187
258,Dmitry Kulikov,D,27.9,73,201,64.86217755198479,17.395546113707127,0.8899228890776634,2.041355166319013,0.07219324110884628,0.3646979851473807,0.06782963126897812,0.2464212250571698,1.0931055545806885,0.14259116351604462,0.3942477478086948,1.2066725492477417,0.09660319983959198
259,Dmitry Orlov,D,27.2,71,214,77.95847478494048,17.55405288148721,0.7693223996676505,0.8034176067168117,0.16559565455548772,0.3597757807446644,1.5033138990402222,0.47118650941867385,1.8321253511548043,1.1056597232818604,0.3426538082773487,1.7341325483798982,1.4964631795883179
260,Dominic Moore,C,38.2,72,192,64.65956745743752,10.222373576258121,0.1816653247436881,1.8795707238167523,0.41804358651193974,0.01625165529549122,0.4152275621891022,0.3532010122219324,1.2124520540237427,0.3429216742515564,0.6885795175611973,1.1066807508468628,0.18780021369457245
261,Dominic Toninato,C,24.6,74,191,43.03190156161785,8.452109088817613,0.01885327602982521,0.2870504467234015,0.6960994601249695,0.014927107840776443,1.1471583843231201,0.6044171452522278,1.1435831785202026,1.062003493309021,0.40252681493759157,1.0534409284591675,0.8105141520500183
262,Dominic Turgeon,C,22.6,74,200,15.476059575080871,10.674178243229663,0.013389388810038566,0.5829999708011746,0.6842193007469177,0.013048413209617138,1.2070943117141724,0.6279948353767395,1.134242296218872,0.7479103803634644,0.402386514544487,1.0467406511306763,1.122052788734436
263,Dominik Simon,C,24.1,71,190,40.069712164402006,10.872406543567854,0.39298818821161985,0.09642275935292244,0.6845549941062927,0.011582102626562119,0.8684790134429932,0.5505539178848267,1.141230821609497,0.6221982836723328,0.4023482593894005,1.050244927406311,0.6238754987716675
264,Dougie Hamilton,D,25.3,78,230,70.29905983187258,17.670198766776178,2.3839295499421658,0.35103189444206656,0.32685133109577,1.2898548135975376,1.68165922164917,0.3632915707740933,1.9099747277021408,1.4390087127685547,0.4796350336074829,1.9693589467629788,1.823596477508545
265,Drake Caggiula,C,24.3,70,176,69.14916522264481,11.589170182995499,1.4256162594236435,0.7043808713167906,0.6211199841149151,1.9816928446095436,1.1100192070007324,0.17293815651819108,1.8086772250413894,0.8332279324531555,0.3404932135514915,1.5356066599845888,0.689066469669342
266,Drew Doughty,D,28.8,73,210,77.10492459975183,22.43308961866349,3.112192148499936,2.4786667622905223,0.19400360310450201,0.9899201929829493,0.09051171690225601,0.34395255344063047,1.5510622866272927,0.14509619772434235,0.26992336854338644,1.5065764740645886,0.08060834556818008
267,Drew Stafford,R,32.9,74,215,61.0319405682385,12.87943836862147,1.9424867441743614,0.4560004936078191,0.4609469256199896,1.8970530489847064,1.828196406364441,0.45901342459321026,1.6063822149515152,1.2076741456985474,0.6362693400800229,1.6937279811620713,0.8719356060028076
268,Dryden Hunt,L,22.9,72,193,20.957376544512808,10.929061577787493,0.009502794847249986,0.10144707463511228,0.6877981424331665,0.012005430646240711,1.1597139835357666,0.6264411211013794,1.1269869804382324,0.8436636924743652,0.40245702505111697,1.0414862632751465,1.0191478729248047
269,Duncan Keith,D,35.2,73,192,71.56731924604624,19.922927453886718,2.8400246138960124,2.1163815341576937,0.11184668117210131,0.7261284474174677,0.07659924030303955,0.36671995551646697,1.8568682923436164,0.1576557755470276,0.5119271218776703,1.999121606552601,0.12051010131835938
270,Duncan Siemens,D,25.1,75,210,28.549374206066133,14.558709452222942,0.0043853914512872695,2.4318820717728142,0.1993081707507372,0.14411580857791934,1.2174018621444702,0.24535387754440308,1.2583742141723633,1.4333246946334839,0.3548512615263462,1.3804301023483276,1.3624262809753418
271,Dustin Brown,R,33.9,72,205,78.05793332368135,13.75806582749933,1.7003593687284737,1.5395180708676575,0.4856740602992474,1.5607424475118519,0.31464409828186035,0.5166685069352388,1.6352572044730187,0.2969164550304413,0.7047225251317024,1.6848178761720658,0.16986975073814392
272,Dustin Byfuglien,D,33.5,77,260,61.77675230633467,20.441333645991982,3.2826825918138027,1.2328950474104285,0.44468157019950455,0.7664695840044469,0.13004045188426971,0.35694584293253717,2.0251524455189704,0.20614944398403168,0.4249477243423462,2.016266725254059,0.10622582584619522
273,Dylan DeMelo,D,25.4,72,195,67.12281254857778,14.223868912120581,0.18890556741769612,0.4591449347885847,0.19930766746401787,0.8094834368906599,1.352988839149475,0.28510645031929016,0.9925902485847473,1.0886720418930054,0.3555140849947929,1.1034375429153442,1.4166408777236938
274,Dylan Gambrell,C,22.1,71,185,14.183877259492874,10.94788538703111,0.009799703806638718,0.09376004133373499,0.7021687030792236,,,0.6186760067939758,,,0.40235367476940154,,
275,Dylan Larkin,C,22.2,73,198,78.22316718873878,14.590650376615425,2.007654526783402,0.67574358959198,0.7197869528284918,1.3613696233429016,1.2658028602600098,0.7509510501946012,2.174507210413615,0.841238260269165,0.46179570216983556,0.9548775396056175,1.0433427095413208
276,Dylan Sikura,C,23.3,71,170,16.731613546647132,11.292035832667725,0.05162981149554253,0.09250783778727055,0.7133191823959351,0.010648745112121105,,0.5600722432136536,1.2289313077926636,,0.4025272586941719,1.1204699277877808,
277,Dylan Strome,C,21.6,75,200,29.925934280753136,11.46208381032455,1.3879910116404295,0.11207187756866216,0.6798089146614075,0.015201961621642113,1.4184712171554565,0.5914575457572937,1.1547225713729858,0.8776679635047913,0.40236921221017835,1.0611789226531982,0.9271570444107056
278,Eeli Tolvanen,R,19.4,70,191,14.399205634593963,11.059121775676282,0.0292978435577631,0.09500828944146633,0.712486743927002,0.011641126126050949,,0.6631467342376709,1.2431660890579224,,0.40237493842840194,1.1216713190078735,
279,Elias Lindholm,C,23.8,73,202,75.97690414011478,14.117045152889192,2.4720210935659708,0.8865675639845431,0.4227751837201416,0.9604136401884259,0.27285802364349365,0.6195661159542799,1.775285546207428,,0.6015131635487079,1.6305216437101364,
280,Eric Fehr,C,33.1,76,209,27.452740052938463,9.531049406632361,0.07334256849935356,1.785901016355841,0.685657262802124,0.017313659191131592,1.9218782186508179,0.6034696102142334,1.2084416151046753,1.2753252983093262,0.4023469236493111,1.0959768295288086,0.923932671546936
281,Eric Gryba,D,30.5,76,222,31.78444345921278,15.4380945892487,0.007280318876728416,1.6301533065259457,0.2011964774876833,,1.323129415512085,0.2615061402320862,,1.5977649688720703,0.35580150559544566,,1.4026168584823608
282,Eric Robinson,L,23.3,74,205,12.260707401037216,10.957066417369543,0.011113167282116414,0.11503872528672218,0.6814528703689575,0.015921643003821373,,0.597260594367981,1.135829210281372,,0.40229251950979233,1.0353336334228516,
283,Eric Staal,C,33.9,76,195,75.56825475156307,15.039754954731464,2.48193043432869,0.7299863526999951,0.8529467164881528,1.7397613295204937,0.4044152796268463,0.5749940352350473,1.552455005145073,0.277841180562973,0.7654345534920692,1.5743355138778685,0.1384926438331604
284,Erik Burgdoerfer,D,29.8,73,207,15.563562715947628,15.679127136988805,0.00762628679163754,0.5659627817190857,0.1989515597373247,,,0.22151048481464386,,,0.3557357323169708,,
285,Erik Gudbranson,D,26.7,77,222,58.26906481474638,16.6939169228673,0.02530463901053369,2.759155876806378,0.20067414924502372,0.053242409988034464,0.07708471268415451,0.2680789530277252,1.3203063011169434,0.15393780171871185,0.35682582706212995,1.4690195322036743,0.0963267982006073
286,Erik Gustafsson,D,26.6,72,197,43.20766441315413,15.646736669457802,1.1546190345849843,0.2317732694464922,0.1995245884358883,0.02465739911388323,1.2628895044326782,0.24701856076717377,1.0342152118682861,1.3728513717651367,0.355466471016407,1.1082704067230225,0.9643630385398865
287,Erik Haula,L,27.5,71,191,71.83871654182673,11.738925609533489,0.6967615249346941,1.374535822766274,0.6927013622336089,0.015570363029837608,1.0662016868591309,0.4693164054546356,1.016025424003601,0.9491307735443115,0.656074820420146,0.952231764793396,0.7542456984519958
288,Erik Johnson,D,30.5,76,225,66.8705846631527,19.019070730522273,2.096367086611688,2.5516258322775363,0.389055529761687,0.5995380033804104,0.1154099777340889,0.26852865083478394,2.0885086075901986,0.15744371712207794,0.4073715224862099,2.055939682459295,0.08108410984277725
289,Erik Karlsson,D,28.3,72,190,73.31675395682454,22.580182418055088,3.921510004244,1.0501374269075694,0.43669042096249766,0.6262238451350852,0.09489994496107101,0.5743846709486097,2.2171429635882376,,0.5034035468101501,2.1262128762364387,
290,Esa Lindell,D,24.4,75,220,78.24763225391507,18.945513848248122,1.0466331113547085,2.157409009817243,0.13346099608019,0.4904047051893249,0.14562006294727325,0.07888921860019095,1.7421459990262986,0.16740496456623077,0.5873218372624368,1.9336710375428199,0.08485493808984756
291,Ethan Bear,D,21.3,71,197,30.21520468890667,18.10273741931299,1.3089249467537554,0.41465370904475074,0.19783917360007763,0.505556257509148,0.9246981739997864,0.26513808965682983,1.3277615308761597,1.1427290439605713,0.35531828880310057,1.4987462759017944,0.9299613833427429
292,Evan Rodrigues,C,25.2,71,184,52.85072147250175,11.765599800705909,1.9914952373445034,0.3480629545419812,0.6812856793403625,0.012174036353826523,1.2266695499420166,0.5155899524688721,1.110504150390625,0.8052074313163757,0.40244788974523543,1.0107518434524536,0.7839180827140808
293,Evander Kane,L,27.2,74,210,71.22593370381743,16.554114203368623,2.285422893705343,1.0371974292322994,1.0852932194863756,1.3708012831792236,0.4287185072898865,0.3881742124006152,1.6499663499355317,0.3006152808666229,0.29502463297098874,1.867837245750427,0.18290941417217255
294,Evgeni Malkin,C,32.2,75,195,59.62394724175334,14.941771615576744,3.7234737513836476,0.18362605696737766,1.068116423048079,2.662608878228068,1.4967026710510254,0.9463462686657906,2.2933520421504974,1.0001133680343628,0.7669594424039126,1.965955227446556,1.13620924949646
295,Evgenii Dadonov,R,29.6,71,189,76.74953766170889,15.633567541360856,3.2046068196058273,0.09279295527172089,0.6806808710098267,0.015351281501352787,1.2038774490356445,0.5885981917381287,1.0565370321273804,0.8716894388198853,0.4023856022953987,0.9939472079277039,1.0084079504013062
296,Evgeny Kuznetsov,C,26.4,74,207,76.87843843551353,14.122614253616332,2.290143705516681,0.11521074707359076,0.620338968025148,1.5387257543228567,1.1934163570404053,0.9853150875508785,2.306034419798851,1.0622649192810059,0.8226076187193394,2.0487266871333123,0.7961986660957336
297,Evgeny Svechnikov,L,21.9,75,208,23.918519400395454,10.52868540624517,0.005927980318665505,0.09216555800288916,0.6805598735809326,,,0.634249210357666,,,0.4023843124508858,,
298,Filip Chlapik,C,21.3,73,194,29.107220808304845,10.40935252785973,0.49704251017421486,0.11168016030019522,0.6897802948951721,0.010720254853367805,1.5984598398208618,0.6459465622901917,1.1508795022964478,1.0606650114059448,0.40251068949699403,1.0579310655593872,0.7833025455474854
299,Filip Chytil,C,19.1,74,204,19.446790619529782,11.479063852153311,0.05761585660688877,0.12127431894999742,0.6975116729736328,0.015530453994870186,1.207148790359497,0.6516194939613342,1.1851699352264404,1.0186210870742798,0.4023068186640739,1.088721752166748,0.8319069743156433
300,Filip Forsberg,L,24.1,73,205,74.20708040341735,14.20835824124068,2.739702856245637,0.9781591127604246,0.8271150745473801,2.0182765248693526,1.127290964126587,0.7588009747892619,2.011998276937008,1.0892565250396729,0.6747219960093498,1.6781911296844483,0.8356226086616516
301,Francois Beauchemin,D,38.3,71,208,64.74496464431286,18.09550634638965,1.2220026983678343,2.095215764975548,0.22055708918012676,0.37150049927165907,0.08011917024850845,0.1818344886199069,1.3271390199661255,0.18126003444194794,0.40664084509015086,1.4195630550384521,0.07841510325670242
302,Frank Corrado,D,25.5,72,205,17.68100664973259,14.52437713929216,0.17021282573364677,0.789883725971977,0.1985663992911577,,,0.24829235672950745,,,0.3549716006219387,,
303,Frank Vatrano,R,24.6,71,197,46.46904089063406,11.09152710608393,1.3284848223917185,0.06381316186770797,0.888448276372999,0.013650290668010712,1.1330465078353882,0.11482933454945869,1.1152786016464233,0.8428393602371216,0.43285119181722403,1.0300626754760742,1.0342202186584473
304,Frans Nielsen,C,34.4,73,186,75.76173848971725,12.4163773402825,2.245644268102944,1.9635696725308895,0.5300112973921002,1.8812686633057891,0.31753334403038025,0.4846540527045727,1.521879523694515,0.2851661741733551,0.6508396017044783,1.5427682644367218,0.1625932902097702
305,Freddie Hamilton,C,26.8,73,195,24.426874943971633,9.504696538711631,0.012067847127116862,0.4631308815738275,0.6750373840332031,0.014171835966408253,1.5824389457702637,0.7058000564575195,1.078727126121521,0.9263145923614502,0.40243783324956894,1.001694917678833,0.7621124386787415
306,Frederick Gaudreau,C,25.4,72,184,28.68176674306393,9.836744446398303,0.00975808884358406,0.20479214684551952,0.7021097540855408,0.014678186737000942,1.201270580291748,0.6377632021903992,1.1371957063674927,0.8541067838668823,0.40232795357704165,1.0457613468170166,1.0201730728149414
307,Frederik Gauthier,C,23.4,77,239,19.83470667246729,9.323020489916644,0.022047724642276764,1.158242154456377,0.7329758405685425,0.021233823150396347,1.173797369003296,0.6576288342475891,1.3688935041427612,0.8598960041999817,0.40252048909664156,1.2551380395889282,0.6983158588409424
308,Fredrik Claesson,D,25.9,73,196,67.34787652492523,14.477111734372377,0.006610357029139996,1.4924098269402981,0.19861687965691088,0.12983115756826158,0.9747895002365112,0.2169630229473114,1.2271108627319336,1.2328795194625854,0.35495162919163703,1.3215000629425049,1.042686104774475
309,Gabriel Bourque,L,28.0,70,206,62.19648053124547,9.288849812361597,0.00968655390536785,1.9777527459591628,0.67628413438797,0.011292602866888046,1.5749006271362305,0.5395535826683044,1.1649852991104126,1.0246033668518066,0.4024744313955307,1.0537309646606445,0.7499858736991882
310,Gabriel Carlsson,D,21.7,77,195,25.91216484695673,15.483790815172751,0.011722467840060593,0.46398232366160447,0.19848718397319318,0.15003654837876085,1.0617989301681519,0.24991726875305176,1.4424984455108643,1.2732855081558228,0.35567940056324004,1.5530357360839844,1.180784821510315
311,Gabriel Dumont,C,28.0,70,195,37.94784943938255,9.10584401339202,0.014754138578534127,0.9898406746745109,0.6893483996391296,0.01015429012477398,1.5444355010986328,0.6394206881523132,1.171788215637207,0.9881271719932556,0.40248866349458695,1.0609959363937378,0.73234623670578
312,Gabriel Landeskog,L,25.9,73,215,73.68284488022327,14.844201475343109,2.8105090381704274,1.2032669210717082,0.6511084161564709,1.6770664482660589,0.29835665225982666,0.6260618623554707,1.6336786804556849,,0.7937568111330271,1.6442426059007647,
313,Garnet Hathaway,R,26.9,75,208,62.34936294425279,10.639782875014097,0.020184174804985525,1.212193619672954,0.6865540742874146,0.019235773012042046,1.3828517198562622,0.5446221828460693,1.1341321468353271,0.9313295483589172,0.402211582660675,1.0467461347579956,1.1363519430160522
314,Gemel Smith,C,24.5,70,203,51.373930812478065,9.507428194853663,0.019597927080512046,0.20346221904921533,0.6792566776275635,0.012447971850633621,0.8973515629768372,0.5719646215438843,1.1628499031066895,0.6794138550758362,0.40244402080774305,1.0727899074554443,0.6017922759056091
315,Giovanni Fiore,L,22.1,73,188,14.081170054711402,10.967313142357996,0.03017943888896704,0.0786453278362751,0.6842724084854126,0.014811648055911064,,0.615610659122467,1.1453089714050293,,0.40238689035177233,1.066161870956421,
316,Greg McKegg,C,26.3,72,195,33.5822028119117,9.162811512417264,0.0808168164959848,1.2404994479626417,0.6814321875572205,0.012917263433337212,1.1831861734390259,0.5937226414680481,1.1103938817977905,0.9664161205291748,0.40224522799253465,1.0225170850753784,0.7833067178726196
317,Greg Pateryn,D,28.3,75,212,75.58447959661484,17.466878377524015,0.005193548104733228,2.7836660593107343,0.1992969174683094,0.1263216224210437,1.0763779878616333,0.21534684300422668,1.2522515058517456,1.3763476610183716,0.3548415006697178,1.3475689888000488,1.2097872495651245
318,Gustav Forsling,D,22.3,72,186,49.00119453966617,17.458925151918486,0.8671313640818,2.704222334581613,0.19790809765458106,0.44318615271843115,1.2570466995239258,0.24548837542533875,1.51137375831604,1.4103806018829346,0.35532871216535566,1.642629861831665,0.8500073552131653
319,Gustav Nyquist,"C, L",29.1,71,180,76.72876927524806,13.714595175361634,2.782790027480945,0.12768399475216866,0.5685364301294088,1.5879680958785118,1.2005378007888794,0.7363061202913522,1.7536670387387276,0.8458510041236877,0.611146550115943,1.4885834875822068,0.9663045406341553
320,Gustav Olofsson,D,23.8,74,199,47.9843316039443,13.856052031759953,0.014848949843853713,0.4767017690244913,0.19922324769198896,0.13240799325172317,1.3216348886489868,0.28914496302604675,1.141589641571045,1.5266153812408447,0.35500039383769033,1.2655346393585205,0.9444273710250854
321,Hampus Lindholm,D,24.7,76,215,68.94307642579079,18.398024208096416,1.7969918781228362,1.9207300187505782,0.2741841946695,0.8462390658140182,0.0782574936747551,0.2763342482574284,1.9007720818161964,0.14566148817539215,0.3419568148255348,1.8537293378219009,0.09147316217422485
322,Haydn Fleury,D,22.2,76,208,71.81960460692645,16.788875265413523,0.01814005546037853,1.079268621429801,0.1983739033341408,0.14169874000479343,1.4128388166427612,0.24275462329387665,1.3493895530700684,1.728397011756897,0.3553948849439621,1.4623491764068604,1.021398663520813
323,Henrik Borgstrom,C,21.2,75,199,15.418333694338799,11.019116303908104,0.13364178656786677,0.10708230573683977,0.6921563744544983,0.015895675867795944,,0.6356035470962524,1.1891146898269653,,0.402275518476963,1.0837217569351196,
324,Henrik Haapala,L,24.6,69,165,17.278116476535796,11.361855917684446,0.2243421611918211,0.06865784958004952,0.7290664315223694,0.01177038624882698,,0.570232093334198,1.2940146923065186,,0.4024175825715065,1.2009221315383911,
325,Henrik Sedin,C,38.0,74,183,73.83479552999138,14.218627686840295,3.053563025602326,0.3982841950821877,0.2514098237416148,0.6325281148351728,1.370093584060669,0.6348127868472337,2.1987057887077333,0.9371954798698425,1.1539248606473207,2.590837750649452,1.2773810625076294
326,Henrik Zetterberg,C,38.0,72,197,75.04722848743201,16.14117172041535,3.010469577739388,0.16787334599721432,0.3980648413822055,0.505147546159476,1.7071995735168457,0.7986295741677284,2.042393025445938,1.0037721395492554,0.7188486120045184,1.831222558760643,0.8407483100891113
327,Hudson Fasching,R,23.2,75,204,15.94451060537249,10.543981006108089,0.47596981369297614,0.36546655581525783,0.6933586597442627,0.0181354321539402,,0.6282201409339905,1.162675380706787,,0.4023183211684227,1.0717294216156006,
328,Ian Cole,D,29.6,73,225,68.43450121477247,15.844214461875708,0.1859484827376604,1.4758189015161245,0.1924249445464462,0.06698838622281587,0.10238764435052872,0.3332072317611426,1.184935212135315,,0.29598963662981986,1.278364658355713,
329,Ian McCoshen,D,23.2,75,210,44.823965783715245,14.673632632259531,0.00771887499254942,1.3418252629071474,0.2002083872258663,0.1470699122359809,1.2060834169387817,0.2743857204914093,1.3063033819198608,1.4193592071533203,0.35522669315338135,1.4017282724380493,1.3575698137283325
330,Iiro Pakarinen,R,27.1,73,212,45.145777058005336,8.742410943480444,0.04350823589527607,1.5537596557185054,0.6629036068916321,0.0177628044039011,1.6453536748886108,0.6139155030250549,1.0002769231796265,0.9539413452148438,0.40231030970811843,0.9380449652671814,0.8157087564468384
331,Ivan Barbashev,C,22.8,73,195,57.158121902681884,12.070699076560139,0.07981799997502564,0.24567140977680685,0.6669958829879761,0.0129109937697649,1.2079145908355713,0.6121593117713928,1.1179616451263428,0.8699120879173279,0.40235417753458025,1.0340570211410522,1.0372347831726074
332,Ivan Provorov,D,21.7,73,201,79.88348338183016,18.920978971546887,1.4637562996983529,2.906410403248668,0.3156549701996147,0.4348486915731206,0.13187751173973083,0.3209596866621746,2.006949889862537,0.1498725265264511,0.6611526459183543,1.8027599267482757,0.07911108434200287
333,J.T. Brown,R,28.2,70,182,52.430536504983905,9.665973966912926,0.17340512139301,0.9624548758670687,0.20633662303400038,0.010608459822833538,1.1194770336151123,0.2582665753818751,1.1873327493667603,0.7285457849502563,0.5700672940164804,1.1027936935424805,1.036225438117981
334,J.T. Compher,L,23.5,72,190,71.73096798125654,12.586219900143147,2.1065548215597865,1.5085205703884363,0.6761439442634583,0.015400196425616741,0.9276800751686096,0.620509922504425,1.13703191280365,0.8365987539291382,0.40237182468175886,1.0460110902786255,0.5340192317962646
335,J.T. Miller,C,25.6,73,218,72.3525806710124,13.192046404737235,1.5281978160928935,0.44530411215442417,0.7151802318714559,1.877804939559847,1.2213685512542725,0.7357564469993114,1.8478521464586257,1.1555145978927612,0.7677639617711305,1.7966866911888122,0.9057994484901428
336,Jaccob Slavin,D,24.4,75,207,73.45206512324512,18.616282251452652,0.637511500416696,2.649353286864857,0.048211947921070836,0.29672290966685677,0.10420675575733185,0.3796205957736354,0.9242119789123535,,0.4102700974745303,0.9962870478630066,
337,Jack Eichel,C,21.9,74,207,70.42588480480016,15.900542981662102,3.227911852540324,0.3788541222636898,0.9387926281567042,2.0720074780860296,1.4214084148406982,0.7309538131306569,2.040981501499812,0.932209312915802,0.3350904843360185,0.762041743338108,0.9183059930801392
338,Jack Johnson,D,31.7,73,227,67.70484778165817,18.609617319601774,1.2629854983210564,2.3398177586037665,0.16572417791895566,1.344384229723385,0.1009618267416954,0.1319192827207877,1.416478157043457,0.15851198136806488,0.32106789216399195,1.5230906009674072,0.08088407665491104
339,Jack Rodewald,R,24.6,74,189,14.631656212806702,10.694091337573388,0.013378466549515725,0.11826696148788929,0.6832017302513123,0.012626257725059986,1.1830192804336548,0.6000139117240906,1.1222783327102661,0.7777169942855835,0.40239770263433455,1.0369012355804443,1.092059850692749
340,Jack Roslovic,C,21.7,73,200,38.1014663881436,11.219534024582332,1.0659803040772677,0.09658342026174069,0.6673327088356018,0.013338547199964523,,0.5880984663963318,1.1288838386535645,,0.4023881259560585,1.0449182987213135,
341,Jacob Josefson,C,27.6,72,196,44.056881484985354,10.369676274406212,0.038028062544941905,1.643569844895601,0.6892203092575073,0.01333529595285654,1.5221165418624878,0.5482034683227539,1.2350983619689941,0.9009600281715393,0.40236164301633837,1.1292787790298462,0.7392532229423523
342,Jacob Trouba,D,24.6,75,203,59.075337340682744,18.763970220541953,1.5792156336233019,2.512286795492098,0.22428605110123756,0.4141810138507932,0.07879277318716049,0.33109312202557917,1.9923924206733703,0.14586269855499268,0.4440226688981056,1.9356416073827745,0.09839479625225067
343,Jacob de la Rose,L,23.4,75,215,59.31081674702465,11.100551705234498,0.010033703953385353,1.0089511717781425,0.7048885822296143,0.014693674631416798,1.0334746837615967,0.6338157653808594,1.1817957162857056,0.7295795679092407,0.40245200276374815,1.0787279605865479,0.6558279991149902
344,Jaden Schwartz,C,26.3,70,185,74.68330031871795,15.490855184914171,2.9517994713597,0.9062480157405138,0.9710210019946097,1.475269664583355,1.0752747058868408,0.9715263905495404,2.0483437108755114,0.8977111577987671,0.6246640912368894,1.634598897767067,0.7271171808242798
345,Jake DeBrusk,L,22.0,72,197,73.17867802657187,12.659142305228114,1.7158132589876651,0.18747725843226912,0.672858476638794,0.013889412395656109,1.2995643615722656,0.6453935503959656,1.0617772340774536,0.8001198172569275,0.40236942291259764,0.9869383573532104,0.8420811891555786
346,Jake Dotchin,D,24.5,75,210,53.1613366740942,16.390033272093532,0.01645410381343961,0.7687126760959625,0.19993326552212237,0.1075909272356542,1.2113537788391113,0.2069665491580963,1.1772959232330322,1.5532559156417847,0.3545876669883728,1.259279727935791,1.3620866537094116
347,Jake Gardiner,D,28.2,74,203,75.30904371120036,18.88985583760515,2.308442865217477,0.12073517087854445,0.16723565289899706,0.31421937547796225,1.2522386312484741,0.347980387565866,1.9111300796747208,1.626641869544983,0.35751537010073664,1.7424618896976114,1.2480583190917969
348,Jake Guentzel,L,24.0,71,180,81.9036969441548,14.64620267804414,1.623359264475852,0.12544369016969203,1.219736591913551,1.9958286119916475,0.8701223731040955,0.6978963983763474,2.239370238161087,0.807366669178009,0.4976443402573466,1.5868234503746033,0.5304321646690369
349,Jake McCabe,D,25.0,73,204,66.68360756270587,17.32783696710666,0.4185324524590373,1.7201090553715825,0.017259418011228413,0.7928618578474933,0.09360936284065247,0.34696152243372047,1.0595132112503052,,0.20156702226936818,1.1928714513778687,
350,Jake Muzzin,D,29.6,75,227,75.3836412736401,18.255222590904683,2.290220144429803,1.6493302590608596,0.24531795271523293,0.9850452418639661,0.11344179511070251,0.3701480394061655,1.7440520201921463,0.14701339602470398,0.34068035289645193,1.684877511692047,0.09717105329036713
351,Jake Virtanen,R,22.1,73,226,78.69989293459803,11.914575428432226,0.16709373041737077,0.08853270767444373,0.6899915337562561,0.015099850483238697,1.7218070030212402,0.6043129563331604,1.2876558303833008,1.1625068187713623,0.40242467641830443,1.158928632736206,0.8666391372680664
352,Jakob Chychrun,D,20.5,74,220,64.48480164796113,16.854087599679826,0.956143687558174,0.9101934675365687,0.15628699747994543,1.178329133996256,1.0864033699035645,0.13770153163096033,1.330136775970459,1.3048877716064453,0.7565288952644914,1.441976547241211,1.1430878639221191
353,Jakob Silfverberg,R,28.0,73,207,77.29873941110446,13.956839680220186,1.2511602117389442,1.8783112533256412,0.706257712636888,1.6298097371645273,0.37174081802368164,0.5096258899447917,1.7470232771714527,0.2856191396713257,0.712317548313737,0.8546533012092115,0.17980174720287323
354,Jakub Jerabek,D,27.4,71,199,43.85855416029692,16.410063565019374,0.013213070349067449,0.5038220401399135,0.19833490312099455,0.14260900787497297,1.0865510702133179,0.1882188618183136,1.2587077617645264,1.2429959774017334,0.35570191353559494,1.3552597761154175,1.3205121755599976
355,Jakub Voracek,R,29.1,74,216,76.27457367748022,15.16916079878211,3.5274258987057956,0.11117690542268753,0.48169354215562343,1.1114813384145497,1.4573884010314941,0.8996652375370264,2.407935652828217,1.009786605834961,0.7739293025761843,2.3572716317653657,1.2204418182373047
356,Jakub Vrana,L,22.6,72,190,76.15988275710494,12.025549850486218,0.5657619229137897,0.08795268485701084,0.7569829225540161,0.018699752166867256,1.1572949886322021,0.5707281827926636,1.0886977910995483,0.8397899270057678,0.40231017738580704,1.0074975490570068,1.0087425708770752
357,James Neal,L,31.1,75,212,70.56370848923922,15.140400943453612,2.7023773972846565,0.10813342745190858,0.9750437230870127,1.2230282738007603,1.3382441997528076,0.4776926263660193,1.5737771046161653,1.1751877069473267,0.5361263831406832,1.5615514222979545,0.89588463306427
358,James van Riemsdyk,L,29.4,75,208,80.87758036792279,13.78080350341499,2.7712913196787237,0.21740419913667441,0.9788505674876272,2.3960774024754765,1.5030922889709473,0.5401879245698452,2.3965916141033174,1.0137046575546265,0.5939465634018183,2.7106013602256778,1.2083286046981812
359,Jamie Benn,L,29.2,74,205,77.3154136121273,14.864201193858683,3.2271439966507254,1.5133241311922667,0.9230399384282529,2.70333862709254,0.38330960273742676,0.7424214309513568,1.9413848225831987,0.30794087052345276,1.0597871311932803,2.1310753871679307,0.18468770384788513
360,Jamie McGinn,L,30.2,73,205,76.83677532265584,11.952932833681503,1.6496675279131778,0.02041220580536127,0.6477206571652243,1.6525329644081492,1.299264907836914,0.435697636705637,1.9793144052743914,0.7808437943458557,0.3032804485104978,0.791399806278944,1.2104535102844238
361,Jamie Oleksiak,D,25.8,79,257,76.4727903816104,15.208750255084038,0.039949168387293815,1.875074982947111,0.23340941299274562,0.5209432531875009,0.1600591242313385,0.025021083976266612,1.874656081199646,0.20762747526168823,0.7340722853772342,2.0943524837493896,0.10627798736095428
362,Jan Rutta,D,28.2,75,204,60.597292825877666,16.846813113605975,0.19491343894295393,2.4463827158302065,0.19854186847805977,0.9125337256336822,1.0505597591400146,0.18262507021427155,1.0537590980529785,1.3408395051956177,0.35451674431562424,1.1439383029937744,1.1720443964004517
363,Janne Kuokkanen,"C, L",20.4,73,193,15.18412899851799,11.039362917567964,0.0051305372267961506,0.09085834056138992,0.696657657623291,,,0.6515856981277466,,,0.4025147458910942,,
364,Jannik Hansen,R,32.5,73,198,50.89382270395756,12.786986824169755,0.30506449852988127,1.3513636759862304,0.682680726057291,0.01658746227622032,1.683332085609436,0.7796092270702124,1.0867518186569214,0.9821789264678955,0.5958202212452889,1.0080865621566772,0.8010557293891907
365,Jared Boll,R,32.4,75,206,20.136504323482512,5.789817531170513,0.017276798153187407,0.09881143122911454,0.708124041557312,0.01806851662695408,,0.655654788017273,1.1506909132003784,,0.40242243945598605,1.0709022283554077,
366,Jared McCann,L,22.3,73,191,71.12958377990871,12.230723386219143,0.5757925996363163,0.6426011629939079,0.7046855092048645,0.017170637845993042,1.2652156352996826,0.5933202505111694,1.0721975564956665,0.8252549171447754,0.40227544933557513,0.994989275932312,1.0203049182891846
367,Jared Spurgeon,D,28.8,69,166,61.16876577556133,19.603195303308965,2.0248493542604145,1.7507871549993756,0.2830008910965175,1.1726404657108709,0.04594114050269127,0.344137219876796,1.8574514145374297,0.12923623621463776,0.4462581245601177,1.8083744161218407,0.07161039113998413
368,Jaromir Jagr,R,46.6,75,230,33.91469744563103,14.240664318600524,1.1624735001832247,0.12640260852128268,0.7812432050704956,0.025217531248927116,1.7874715328216553,0.862514078617096,1.481820821762085,1.0971579551696777,0.40204821616411207,1.3408441543579102,1.5827382802963257
369,Jason Chimera,L,39.4,75,215,71.72107528880238,10.649502579131722,0.5107370661190004,1.0302465464249253,0.5577683977902532,0.02131231501698494,1.577760100364685,0.509087838551402,1.2299537658691406,0.9617827534675598,0.6589171309262515,1.1259030103683472,1.4207711219787598
370,Jason Demers,D,30.3,73,195,67.92023859620095,16.979651078991594,1.4250426503054798,1.7274603463061153,0.246136388317123,0.6150983707360029,0.07468213140964508,0.33193396026045086,1.9742398277461528,0.14698980748653412,0.3560366070270538,1.7643592694696784,0.07778466492891312
371,Jason Dickinson,C,23.2,74,200,34.56133833706379,9.859517743612574,0.019172030485212804,0.13895648187971116,0.6922675371170044,0.016998134553432465,1.0181400775909424,0.6421923041343689,1.1220672130584717,0.8791772723197937,0.40232284873723984,1.039130687713623,0.5635659098625183
372,Jason Garrison,D,33.9,73,218,21.257831823825835,17.597846636930175,0.02090192408798979,2.2858493739153336,0.19932035893201827,0.30798782755239257,1.2181583642959595,0.2610217034816742,1.1687498092651367,1.5593514442443848,0.35570582255721095,1.2345634698867798,1.3875796794891357
373,Jason Pominville,R,35.8,72,180,74.89786000326276,13.229871264691651,2.2457516611952335,0.27053039771205184,0.5460398586951196,0.8538021614439786,1.7748961448669434,0.6406586454987526,1.8349332909464835,1.0756399631500244,0.8301462948203087,1.94644501953125,0.7959274649620056
374,Jason Spezza,C,35.3,75,219,72.2542660699971,12.522277399654687,2.852004535198584,0.18283908992654085,0.6478823658749461,1.2519176611110567,1.4150760173797607,0.5533199672788381,1.8510780143380166,1.22502601146698,0.7440979795128108,1.9291875130653382,0.941677987575531
375,Jason Zucker,L,26.7,71,192,67.83495213136077,13.83390579199344,1.051115726383403,0.746939626084268,1.0017946852818131,0.018213260918855667,1.0650739669799805,0.5369512341767549,0.9877321720123291,0.9231065511703491,0.5195177202939988,0.9166464805603027,0.7479475736618042
376,Jay Beagle,C,33.0,75,210,63.630745614171026,10.651129957041144,0.16687629393137993,2.2708691598042843,0.6225866625115276,0.01774970255792141,0.33413997292518616,0.5151104902744293,1.1801711320877075,0.31140583753585815,0.6920133852005005,1.0805590152740479,0.18917641043663025
377,Jay Bouwmeester,D,35.0,76,206,44.012214573323725,19.61063623111515,0.012758513080179692,2.36126495731771,0.19985529609024524,0.3660604388343106,0.08837857842445374,0.2268010973930359,1.2255640029907227,0.184164360165596,0.3547592628002167,1.3204593658447266,0.08844147622585297
378,Jaycob Megna,D,25.8,78,220,27.267487042844294,15.673511942881106,0.029569006026262043,1.8003884046291923,0.2007599152624607,0.14966606678237598,1.557795524597168,0.24121443927288055,1.4283616542816162,1.916517734527588,0.3559588754177094,1.6135247945785522,1.197692632675171
379,Jayson Megna,C,28.7,73,195,12.290752056874334,11.48475308059142,0.8783808302146904,0.14160704900063903,0.6788832545280457,,,0.6578493714332581,,,0.4025927084684372,,
380,Jean-Gabriel Pageau,C,25.9,71,185,68.84331193506718,13.139831399589777,0.6195464858063161,2.063321763922274,0.5373349390767516,0.013272359035909176,0.37324944138526917,0.43398002096724514,1.1392178535461426,0.22607280313968658,0.7788706497013569,1.0388171672821045,0.1621839702129364
381,Jean-Sebastien Dea,C,24.6,71,174,16.37849525988102,10.542415733729548,0.007759073078632355,0.08635594625025987,0.6978706121444702,,,0.6127122640609741,,,0.4024320858716965,,
382,Jeff Carter,C,33.7,75,219,35.562864090204236,13.832229022781867,3.004756979975104,1.4155249222412705,0.6937522888183594,2.5867368379734454,1.5397711992263794,0.570005476474762,1.8442436467528345,1.0921335220336914,0.402353098988533,1.936236584329605,1.2835396528244019
383,Jeff Petry,D,30.8,75,209,65.86408723741769,18.20272665721774,1.8331196555890144,1.8027256913732737,0.2601731840834022,0.8420326724781693,0.0955047756433487,0.2818776703920215,1.8996634941935537,0.15492631494998932,0.46449016988277436,1.6545551494683624,0.0839771255850792
384,Jeff Skinner,L,26.4,71,197,76.73077993141487,14.399602621419728,2.1346240206494924,0.10144657115218043,0.938499162722379,1.5435995014719666,1.0784475803375244,0.48731723186504844,1.792779902613163,0.964670717716217,0.5559657061805725,1.6170323545694352,0.7498825788497925
385,Jesper Bratt,L,20.2,70,175,78.89262311581523,12.423336171999573,1.8272175892069935,1.100035945813358,0.7194086909294128,0.010913982056081295,1.1115726232528687,0.6079288125038147,1.1995793581008911,0.8275552988052368,0.4023572278022766,1.0778660774230957,0.6848076581954956
386,Jesper Fast,R,26.8,73,191,67.61939156457782,11.857610189393164,0.1826438885527104,1.6862197373837233,0.502493661736697,0.013023309409618378,0.31242311000823975,0.5329120571106672,1.088837742805481,0.280737966299057,0.7048675619333983,1.0097357034683228,0.16958796977996826
387,Jesse Puljujarvi,R,20.4,76,201,69.85216544721276,12.860421995306016,0.569380137938261,0.10778912469297647,0.6944442391395569,0.017145201563835144,1.275254487991333,0.6642972826957703,1.2680732011795044,1.1004323959350586,0.4020828652381897,1.1589170694351196,0.8689167499542236
388,Jim O'Brien,C,29.7,75,195,19.91438800215721,10.536521100794578,0.04002316653079987,0.4461284991556406,0.6848835945129395,,1.7324618101119995,0.5848392248153687,,0.9611139297485352,0.4024002733826637,,0.8443911671638489
389,Jimmy Hayes,R,28.9,77,215,40.70483373641968,9.682053098546378,1.36392430382967,0.10396785481339693,0.708482563495636,0.02066594734787941,1.9311983585357666,0.5536273121833801,1.1852487325668335,1.043250560760498,0.40229194581508637,1.1068360805511475,0.9542739987373352
390,Jimmy Vesey,L,25.4,75,202,80.16188199043273,12.561483837132155,1.60372341934368,0.10149133448195456,0.8493568497147411,1.4570117462196386,1.2027089595794678,0.1975147054756023,1.6021726803064347,1.1425882577896118,0.2508646555187106,1.2795792876005172,0.8893657326698303
391,Joakim Nordstrom,C,26.6,73,194,75.8523599491641,11.11122771197011,0.09146510176576673,1.6038054434200129,0.3542448854890962,0.011372805573046207,0.2526979446411133,0.3793105485106508,1.1421352624893188,,0.1733004251306057,1.0433313846588135,
392,Joakim Ryan,D,25.3,71,185,67.67416872501373,17.234826908552645,0.03149355278116465,0.5009475229119063,0.19816738829016686,0.13733623380988805,1.1213372945785522,0.21897010505199432,1.3521924018859863,1.411334753036499,0.35531138464808465,1.4915038347244263,1.150368094444275
393,Joe Hicketts,D,22.4,68,180,20.70487126737833,15.65835691145813,0.20220917786882814,1.0223127756941222,0.197584398239851,0.14899361280231008,1.075933814048767,0.23246194422245026,1.585898995399475,1.2707817554473877,0.3568006232380867,1.7283730506896973,1.0897009372711182
394,Joe Morrow,D,25.8,72,196,60.81538819998503,16.014669855255633,0.3545477643790991,0.8738420225173236,0.19890639282763004,0.455726798331788,1.1092523336410522,0.23595039546489716,1.0487436056137085,1.233276128768921,0.355395083129406,1.1122145652770996,1.3026748895645142
395,Joe Pavelski,C,34.2,71,200,77.14793437242508,15.2761967244938,3.334297407308221,0.6794415577366948,0.8332037740081549,2.3589297722168268,1.2511177062988281,0.6388162390619516,1.692750392603874,0.9543555378913879,0.7880117957830429,1.8449051856040954,1.0923242568969727
396,Joe Thornton,C,39.3,76,220,53.54476999461651,14.5685584266603,3.4624444579474627,0.19009895357048512,0.31390718655562405,1.20797142399773,1.441033124923706,0.7447430696934462,2.315016935825348,1.3198329210281372,1.0333064600408077,2.4297441534280777,0.9829452633857727
397,Joel Armia,R,25.3,75,216,72.17274325549603,11.080016439124444,0.9602361187875271,1.0422295945366222,0.5853590315292279,0.06599283564370126,0.39249280095100403,0.44427594972848894,1.6597387940883637,0.27653995156288147,0.28052876816739636,1.3177108687162398,0.1526210606098175
398,Joel Edmundson,D,25.3,77,221,65.96990880521635,15.536322982266546,0.08597743480141957,1.7285980167565245,0.05292515829541005,0.12258499104368753,0.11771877855062485,0.29467681795447137,1.3537355661392212,,0.253364774125129,1.5377452373504639,
399,Joel Eriksson Ek,C,21.7,75,207,78.69303773406892,11.860205254274607,0.0289993262847662,1.156569022087753,0.686892569065094,0.015303048305213451,1.4646047353744507,0.62092125415802,1.1778331995010376,0.8869731426239014,0.4024009308218956,1.081797480583191,0.9425159096717834
400,Joel Hanley,D,27.3,71,190,19.38431984692812,16.43096630559063,0.11582821275815365,0.6036493320072239,0.19782249346375466,0.13658847555071318,1.2257627248764038,0.18219658732414246,1.2090837955474854,1.2885208129882812,0.3550869143009186,1.3796762228012085,0.9402152895927429
401,Joel Ward,R,37.8,73,225,63.84088900357485,12.454040249387921,1.3170865364525466,1.3932062604308129,0.49683762765452266,0.019033357501029968,0.4656267464160919,0.37482368624389173,1.1580995321273804,0.36454737186431885,0.6485592663109303,1.0690441131591797,0.18348513543605804
402,Johan Larsson,L,26.2,71,206,81.48446710605174,12.167403285959363,0.04513612692081929,2.0749110368683934,0.7010825872421265,0.014219812117516994,1.2048155069351196,0.5629494190216064,1.2606152296066284,0.9425537586212158,0.402274629175663,1.1246660947799683,0.8068637251853943
403,John Carlson,D,28.7,75,215,67.6103421934694,18.177143114566803,2.703677700930834,2.405457113847881,0.3661882605511696,0.845360654991731,0.09494262933731079,0.6198361455716193,2.5781611063957217,0.1456024944782257,0.44935776248574255,2.232895308470726,0.07856763899326324
404,John Gilmour,D,25.4,72,188,37.36024338424206,15.753638766715143,0.8923942053578794,0.6266314064266086,0.19824205435812473,0.501978211795615,1.1374614238739014,0.22550025582313538,1.2309361696243286,1.4508965015411377,0.3553963343799114,1.338271141052246,1.1673228740692139
405,John Hayden,C,23.6,75,223,52.76218256384134,10.098644109873474,0.08736800170540811,0.9311642557352781,0.7014493346214294,0.019789690151810646,1.1560457944869995,0.5725499987602234,1.1945689916610718,0.964890718460083,0.4021789762377739,1.0989195108413696,0.5927444100379944
406,John Klingberg,D,26.1,75,190,71.02493313223124,19.568164741158483,3.1802426201216876,0.15349142518351971,0.30908901081047957,0.536748714381799,1.3498058319091797,0.6004756790228187,2.294913610482216,1.1865622997283936,0.49836229264736176,2.1477192425116898,1.5079275369644165
407,John Moore,D,27.9,75,207,62.06105626910925,16.382696142953634,1.0265071208380163,1.1521390955332669,0.24745611144192517,0.5307799222228046,0.10259536653757095,0.17258066670150557,1.1009734869003296,,0.3346178877353668,1.2021654844284058,
408,John Quenneville,C,22.5,73,195,13.64234616521746,11.30057787567414,1.1383788446021077,0.1279081158865571,0.690318763256073,0.011744387447834015,,0.6071223020553589,1.0806591510772705,,0.40248966962099075,0.9920516014099121,
409,John Tavares,C,28.0,73,216,76.51282135397196,16.008602825205028,3.351272915874422,0.6344031907737255,0.9705355871513487,2.077791726207733,0.3848331570625305,0.800204099059105,1.9756022521257401,0.2497948706150055,0.687089654737711,1.7391249881029127,0.13996621966362
410,Johnny Boychuk,D,34.7,74,227,56.59815903261304,17.453429093999414,1.4375472025223075,1.875516249667853,0.21983210270702835,1.0675130363964072,0.0927358865737915,0.37603022248968476,1.1609256267547607,0.18494832515716553,0.4074786458909512,1.2775590419769287,0.08439972251653671
411,Johnny Gaudreau,L,25.1,69,165,71.30401172414422,15.399102932913602,3.378741505878419,0.13635110710144044,0.7914462527021765,1.1863054777354003,0.9947522282600403,0.946470649036765,2.4579312844753263,0.7952788472175598,0.9039284780681133,2.2289784346580506,0.6973406672477722
412,Johnny Oduya,D,37.0,72,191,52.17175943076611,17.027938588228825,0.18055491596078874,1.7821280707303437,0.11801130735129117,0.12774553029604696,0.08131282031536102,0.2794523055098951,1.5714967250823975,0.16800382733345032,0.39993724003434183,1.6723957061767578,0.0737500935792923
413,Jon Merrill,D,26.7,75,204,41.92025563120842,16.715642359734773,0.02114771360890567,0.6291365850776434,0.19980658642947674,0.836036405096649,1.426411747932434,0.2433094084262848,1.2439112663269043,1.1707532405853271,0.3555394479632378,1.372794508934021,1.5712918043136597
414,Jonas Brodin,D,25.2,74,196,65.78015570357442,18.891661712411047,0.7909680514179169,1.763927313410491,0.11384062080423543,0.6081361982418224,0.06680896133184433,0.229706667219371,1.624913392972946,0.1365317404270172,0.4604357780516148,1.649253799343109,0.09298934787511826
415,Jonathan Drouin,L,23.5,71,198,77.5361842763424,14.508854471074043,3.2373827135726807,0.0709190643914342,0.6065115299653263,1.6603022859328427,0.949792742729187,0.33408508212310256,1.6932353853702544,0.8331812620162964,0.454508118994534,1.4574533205032347,0.511959433555603
416,Jonathan Ericsson,D,34.6,76,218,60.05272732406855,16.775036567056926,0.14086656990095972,2.0979759435206655,0.0947477877283704,0.11529570435280942,0.0968649759888649,0.3063319933138788,1.4458314180374146,0.18304453790187836,0.35929777920246125,1.5986177921295166,0.0908733606338501
417,Jonathan Huberdeau,C,25.3,73,200,81.92576189015061,15.990544948267937,3.312641950176656,0.20172202056497335,0.6581100821495056,1.1242782421521842,1.141344428062439,0.5615938901901245,2.063342430543899,1.0761231184005737,0.4023863822221756,1.8994474262237548,0.8230951428413391
418,Jonathan Marchessault,"C, R",27.8,69,183,77.82382702708244,12.630692690275112,2.640862185785547,0.028945894250988962,0.9092489210553467,2.11838634319976,1.0479276180267334,0.7092167225797971,2.4524506795724235,0.9115709066390991,0.5350857769556343,1.139442791607976,0.6624906063079834
419,Jonathan Toews,C,30.4,74,201,74.82195217551663,15.087599292163551,2.9069561057694253,1.4788052179113031,0.8188478451102972,1.305070405589789,0.4282679557800293,0.7355114512741566,1.5846081901192666,0.30184206366539,0.7302302675455808,1.3310861491918564,0.18563194572925568
420,Jonny Brodzinski,C,25.3,72,212,41.553174045681956,9.960652730853976,0.15968211582362654,0.09933657250207663,0.6666387319564819,0.01666986383497715,1.0443980693817139,0.5981736183166504,1.0906612873077393,0.9056441783905029,0.4023535266518593,1.0149805545806885,0.5391829609870911
421,Joonas Donskoi,R,26.5,72,185,67.78260142028333,12.7365811062028,1.4810502250472704,0.031044701819896697,0.5833914532088985,1.0550368364579976,1.1547771692276,0.6549108943367998,1.8559813774029414,0.9478392004966736,0.2833083354522785,0.7627346859713395,0.7584388256072998
422,Jordan Eberle,R,28.4,71,190,75.81926019191742,14.848499098168313,2.3716557014573363,0.13201232876771687,0.8321419995844364,1.5144248682528734,1.1923755407333374,0.6331344160974026,1.526126188838482,0.8641933798789978,0.7579925686717033,1.4464749143123625,1.008459210395813
423,Jordan Greenway,L,21.6,78,231,18.70950592044741,11.171120005948424,0.014063220408606528,0.0852715281679988,0.7369495630264282,0.020657755434513092,1.7574719190597534,0.6360623836517334,1.3983542919158936,1.0148845911026,0.4022678247094154,1.2658988237380981,1.0992975234985352
424,Jordan Martinook,L,26.2,72,196,78.32928608338038,12.33929986831049,0.28237902005501087,2.0926670575827364,0.4393367908596993,0.013878104276955128,0.24702048301696777,0.4997242521415154,1.0563185214996338,,0.15524288090368113,0.9772070050239563,
425,Jordan Nolan,C,29.3,75,219,72.6076599562168,9.538824695955217,0.15441354337143898,0.1285253186519146,0.21472068282827736,0.01608394831418991,1.4406253099441528,0.2158151545393467,1.177803874015808,0.7990319132804871,0.5220546492979526,1.0908173322677612,1.2918813228607178
426,Jordan Oesterle,D,26.3,72,187,60.254792809188366,20.339267634520308,0.8123507988613099,0.8398333684176206,0.19801885031163693,0.42624046829546486,1.2562589645385742,0.20563189685344696,1.0961915254592896,1.335761547088623,0.35473539263010023,1.250072717666626,0.9056479334831238
427,Jordan Schmaltz,D,25.0,74,196,24.079091362953186,14.137057918881991,0.4854858788187205,0.28103079469287395,0.1989349041879177,0.1299666720960623,,0.22381718456745148,1.221850872039795,,0.35609678566455844,1.3173588514328003,
428,Jordan Schroeder,L,28.0,69,170,29.361700270175934,9.225779444971781,0.02858072550570965,0.11335640861541033,0.7055076956748962,0.010557173751294613,1.3238016366958618,0.5008330345153809,1.2821829319000244,0.7957279682159424,0.4024374660849571,1.1750894784927368,0.5964791178703308
429,Jordan Staal,C,30.1,76,220,77.60361380373439,14.867981039595604,2.1623490021642295,1.3123813208714126,0.4847228956148028,1.3535059620797634,0.34547823667526245,0.5659536829684972,1.5943283050775527,,0.830620071348548,1.757932727766037,
430,Jordan Szwarz,R,27.4,71,192,22.24057061612606,10.9970587764329,0.3422006355087673,1.2392022958891733,0.6843606233596802,0.010287386365234852,1.5588006973266602,0.5692822933197021,1.0700970888137817,1.0057258605957031,0.4024841329455376,0.9804553389549255,0.7427553534507751
431,Jordan Weal,C,26.5,70,181,73.10598832517863,11.698905099099875,1.4044713312968613,0.10422588545697928,0.6969457864761353,0.010412748903036118,1.487629771232605,0.512040376663208,1.2126308679580688,0.9474611878395081,0.40251410126686094,1.114458441734314,0.7160378694534302
432,Jordie Benn,D,31.2,74,201,67.73883922591806,15.599396873580664,0.39828665054196116,1.8909739912115038,0.12952959297224875,0.37714841696529205,0.08633742481470108,0.20813648219768346,1.0130832195281982,0.1352529078722,0.289001379609108,1.122518539428711,0.06892585009336472
433,Jori Lehtera,C,30.8,74,212,65.65015464961529,12.183176395006477,1.518493821722269,0.6216819878548384,0.31500742568457124,0.014543784782290459,1.3835493326187134,0.4519092291662693,1.0787016153335571,0.8081933856010437,0.7711787237584591,1.0111995935440063,1.2603058815002441
434,Joseph Blandisi,C,24.2,72,184,14.76262389421463,12.897799919073012,1.4488464857012033,0.1256419035442114,0.704146146774292,0.011577830649912357,,0.5695255398750305,1.1029831171035767,,0.40251383632421495,1.013268232345581,
435,Josh Anderson,R,24.4,75,218,74.66474074363708,13.897161934095621,0.8045446333043277,0.5887403098896146,1.1531478941731157,0.019579032436013222,1.1329684257507324,0.26457874146890825,1.1795107126235962,0.964568018913269,0.32681847647055984,1.0871222019195557,0.5965496301651001
436,Josh Archibald,R,26.0,70,176,48.951627536155286,11.081534451298989,0.06256372193753719,0.9603916727870703,0.6944663524627686,0.010176516138017178,1.0079230070114136,0.5813295245170593,1.2295162677764893,0.8531444668769836,0.40259513914585116,1.1353007555007935,0.7153997421264648
437,Josh Bailey,R,29.0,73,200,74.94494264900685,14.459072284428776,2.198120792182535,0.38585794228278103,0.5015872207961977,1.1196109043329954,1.3358091115951538,0.7852435612082481,2.014727682709694,0.9335122108459473,0.8245302676200866,1.9806528340816498,1.1038330793380737
438,Josh Gorges,D,34.1,73,204,42.72919953376055,16.20484810218133,0.014790178566247224,2.1026044803529977,0.19891006626188756,0.09347285098173398,0.078610360622406,0.2828224301338196,1.4277184009552002,0.16639204323291779,0.35595901295542715,1.53150475025177,0.07578248530626297
439,Josh Jooris,R,28.2,73,198,45.93623357836157,10.34123079638034,0.26170444118407366,1.3075598814606666,0.3658057171151041,0.017759593203663826,1.197256088256836,0.21230937700998784,1.0292222499847412,0.8577584028244019,0.7502280792891979,0.9695758819580078,1.0178543329238892
440,Josh Leivo,L,25.4,74,192,25.828183631896973,9.440009546826541,1.8544543844724009,0.10125961712402105,0.663144052028656,0.01608874462544918,,0.5076009035110474,0.9723952412605286,,0.40250308394432066,0.912571132183075,
441,Josh Manson,D,27.0,75,218,76.2472158239782,16.622281428831442,0.07198454675027728,2.34613392859747,0.10074687442183496,0.1221865375996849,0.1366274356842041,0.3743041080442879,1.2346951961517334,,0.42345613885387773,1.3944941759109497,
442,Josh Morrissey,D,23.5,72,185,79.63768468409776,18.141166674295068,0.1471495102541447,1.8607543957680464,0.17009137230515473,0.45178092174119355,0.12810443341732025,0.2212496690192222,1.3030900955200195,0.15480786561965942,0.6254627679061145,1.4624440670013428,0.07857695966959
443,Joshua Ho-Sang,R,22.7,72,173,30.780938081741333,13.155562613136297,2.0696080978795885,0.09659766547381878,0.710660457611084,0.010170439258217812,,0.6273110508918762,1.2260798215866089,,0.402492413520813,1.1436748504638672,
444,Jujhar Khaira,L,24.1,76,212,72.66016938302666,11.112135852536559,0.20752561840641498,1.5663621929213405,0.6836034059524536,0.018471023067831993,1.250632405281067,0.5858102440834045,1.2060338258743286,1.2380868196487427,0.40249501436948776,1.1073007583618164,0.9524264335632324
445,Julius Honka,D,22.8,71,180,50.33725767403841,13.426340928792106,0.8740579627275467,0.39432613082087037,0.1980597401410341,0.0792856172986094,1.0533808469772339,0.2629847526550293,1.39572012424469,1.1167855262756348,0.35556685999035836,1.5338846445083618,1.2573034763336182
446,Jussi Jokinen,L,35.5,72,191,67.56328293099999,12.163941425187886,2.038580314587801,1.549125695040822,0.32802624031203986,0.015359737910330296,1.6494762897491455,0.6470841210961342,1.101465106010437,0.9601432681083679,0.8725987091898918,1.0205765962600708,0.7935065627098083
447,Justin Abdelkader,L,31.6,74,213,70.71673711093143,13.314983824054895,2.5904438288353386,1.2951675278946757,0.4225414815627039,1.7751230499655009,0.31898021697998047,0.5130168404519558,1.4760632989645004,0.30688610672950745,0.6376762187600137,1.4964319548130036,0.18416669964790344
448,Justin Auger,R,24.4,78,232,17.08028734445572,11.141363326725829,0.0067950963973999025,0.09046233940869569,0.7329500317573547,,,0.5879588723182678,,,0.4022384524345398,,
449,Justin Bailey,R,23.3,76,214,21.680837671756745,10.912318648888284,0.010084377669735389,0.2730195368840857,0.6940290927886963,0.017331242561340332,1.048543930053711,0.648345947265625,1.2119770050048828,0.7311722040176392,0.4024762946367264,1.1118398904800415,0.6829421520233154
450,Justin Braun,D,31.6,74,205,75.24265797298402,18.239894813407215,0.28276817034780977,1.9933543456856162,0.13944132325984537,0.03991960946209676,0.08375561237335205,0.31772857965826984,1.0097887516021729,0.14865949749946594,0.3702926529943943,1.0933440923690796,0.07631438970565796
451,Justin Falk,D,30.0,77,223,53.004132824540136,14.043478472104667,0.007332478788137436,1.391670044568181,4.87164066260995e-05,0.14566237647324823,1.356610894203186,0.01666971281996236,1.4480302333831787,1.6235910654067993,0.6876176910490394,1.525951623916626,1.3781347274780273
452,Justin Faulk,D,26.5,72,214,68.5732176099345,19.53331311399564,2.8220836157023905,0.9031941714545488,0.26015866338498883,1.7590845555018635,1.5177956819534302,0.2338577327960964,1.9473938416700363,1.1136837005615234,0.4399293811619282,1.7396055710047484,1.5266056060791016
453,Justin Holl,D,26.7,75,197,16.462299327254296,15.65625809036236,0.003392396420240402,0.7215249873512802,0.1999526893347502,,1.3823657035827637,0.23290953040122986,,1.1739312410354614,0.3554258188605309,,1.5410377979278564
454,Justin Kloos,C,24.8,69,175,13.418390823602676,11.018476782636904,0.006781345668435097,0.09400198057293892,0.7200272083282471,0.009389163926243782,,0.5900391936302185,1.2570902109146118,,0.40243994295597074,1.1600130796432495,
455,Justin Schultz,D,28.2,74,190,65.6386011910066,17.54462909882143,2.425123644397408,0.17165852257746458,0.24609198472499844,0.40353549150517587,1.3547016382217407,0.26682277418412265,1.7506686663508415,1.164621353149414,0.35021170809865,1.6477341700062156,1.4835309982299805
456,Justin Williams,R,37.0,73,184,75.51456326246262,13.530434476670623,1.9640647140253338,0.4129551242780686,0.7365717215098441,1.37469607886225,1.8536096811294556,0.43942385542070866,1.5342099520683288,1.1155909299850464,0.8814675000727177,1.787288828086853,0.8310914039611816
457,Kailer Yamamoto,R,20.0,68,153,20.96797886252403,11.755132781426797,0.22287874394729137,0.09768286166167259,0.7691639065742493,0.008884246461093426,1.0617462396621704,0.6379538774490356,1.4504895210266113,0.718261182308197,0.40230076283216476,1.2891227006912231,0.6651431918144226
458,Kalle Kossila,C,25.5,70,182,20.613912138976158,10.544648336181304,0.016000657557487488,0.09856036972504854,0.6981430053710938,0.010081700049340725,1.0557150840759277,0.5854805111885071,1.1826860904693604,0.707577645778656,0.40242598950862885,1.0965876579284668,0.9971228837966919
459,Karl Alzner,D,30.0,75,213,75.55002486586571,17.508817056249082,0.10764902854058146,2.4646570099405944,0.10247742076791101,0.13141838639635436,0.08997683972120285,0.21392523313268466,1.2168254852294922,0.16946011781692505,0.352144571095705,1.3453264236450195,0.08270180970430374
460,Kasperi Kapanen,R,22.2,73,194,44.137766096666454,10.221083889398628,0.019403558337926865,1.1813256333187223,0.6845279335975647,0.015287481248378754,1.2511234283447266,0.7065682411193848,1.1620999574661255,0.8658846020698547,0.4023741975426674,1.0730359554290771,1.0286989212036133
461,Keegan Lowe,D,25.5,73,191,17.869250459074973,15.72123203115272,0.005004460215568543,0.665480553799388,0.19870388820767404,,1.1426881551742554,0.2429313212633133,,1.249470591545105,0.3552857162058353,,1.2876157760620117
462,Keith Yandle,D,32.1,73,192,76.57669142365455,18.159869325295837,3.0897136551648376,0.5716975366339088,0.12358246395587927,0.4124496509876624,0.1347460150718689,0.40508959262780847,1.852667137646675,0.17232227325439453,0.31365815937519076,1.9042540721282362,0.0930006355047226
463,Kenny Agostino,L,26.4,72,204,15.952773748636245,10.900702917957213,1.327543533407152,0.09998167894780635,0.6680238842964172,0.011702623218297958,,0.5882007479667664,1.0325874090194702,,0.4024568352103233,0.9493653178215027,
464,Kerby Rychel,L,24.0,73,213,14.726030987501144,10.142519253591187,0.0517020255782538,0.11217873804607656,0.6726151704788208,0.013558100908994675,,0.6415225863456726,1.1163194179534912,,0.4022771120071411,1.037893295288086,
465,Kevan Miller,D,30.9,74,210,63.34852215647698,16.29032932555154,0.12084356589126587,2.16250089090541,0.13798818395584822,0.12913616927610608,0.07508744299411774,0.24110549809634682,1.0818376541137695,0.15339180827140808,0.29716298401355745,1.1829075813293457,0.11344224959611893
466,Kevin Bieksa,D,37.3,73,197,56.04915861204267,16.948031527601927,1.0304051686890423,1.5373722842957824,0.07310042502025085,0.825893979717073,0.08774692565202713,0.11494103971008637,1.27450692653656,0.17561140656471252,0.5305333659052849,1.366791844367981,0.07947419583797455
467,Kevin Connauton,D,28.6,74,205,75.24426726102828,14.735349681818487,0.05848274611756205,0.7292150295525789,0.20042395882308484,0.02795131997150952,1.0297025442123413,0.21436700224876404,0.9410348534584045,1.32856285572052,0.354737596064806,1.0415382385253906,1.1529698371887207
468,Kevin Fiala,L,22.2,70,204,72.14960030078888,12.839368490259348,1.6293281589671968,0.07155027912819387,1.0876651775047184,0.017131103202700615,1.0695644617080688,0.3183061867557466,1.0696367025375366,0.8251103758811951,0.31222310293987393,0.9868099689483643,1.031535029411316
469,Kevin Gravel,D,26.6,76,205,27.708846541047095,14.003207905691037,0.6213204148145823,0.6622198798552843,0.19987619124352932,0.47039211897007227,1.4417650699615479,0.20452247560024261,1.257016897201538,1.2123594284057617,0.3551347133517265,1.3675949573516846,1.6157582998275757
470,Kevin Hayes,C,26.4,77,216,72.27509203955532,12.754249924996497,1.2296044468883425,0.9965445045590401,0.7464863105244935,2.1683370855321487,0.4125262498855591,0.7977178928732872,2.1656622960011167,0.2956290543079376,0.6889373291566372,0.9527559096068143,0.16607153415679932
471,Kevin Labanc,R,22.8,71,185,71.8501748520136,12.389065301553906,1.7327752602800728,0.11035749075782299,0.6212977670643478,0.685300364105776,1.1161822080612183,0.5898706934039015,2.037687944507599,0.8152158260345459,0.3176799160771072,1.3911837054014204,0.9837157726287842
472,Kevin Rooney,C,25.4,74,190,12.548194795250893,10.84717098168927,0.015543027815043926,0.14733501852777003,0.6815775632858276,0.014595037326216698,1.3693616390228271,0.5851841568946838,1.1221424341201782,0.8688389658927917,0.402276251912117,1.0219542980194092,0.8671528697013855
473,Kevin Roy,L,25.4,69,170,33.97010875940323,12.021812431364529,0.933842558297515,0.10815632558089494,0.717171311378479,0.009500198997557163,1.0095728635787964,0.631643533706665,1.3230241537094116,0.7023289203643799,0.4024500396847725,1.2165158987045288,0.9435529112815857
474,Kevin Shattenkirk,D,29.7,72,212,51.26388798832893,17.209791813322155,3.0586641849830745,0.5756546110584587,0.2696508884310721,1.3702664869559928,1.5081536769866943,0.3906019263830036,2.096375081932545,1.1728357076644897,0.36100330263376235,1.9006265957713127,1.5380862951278687
475,Klas Dahlbeck,D,27.2,75,207,41.913474210500716,15.389194145845742,0.007674303456366062,1.2633179751902819,0.19938054569065572,0.1367757099683399,1.2326819896697998,0.20725809037685394,1.2607336044311523,1.469393014907837,0.35501818805933,1.3720173835754395,1.345826506614685
476,Korbinian Holzer,D,30.6,75,213,27.509553105831145,12.260124289887523,0.0056663296644389625,1.0753298069973785,0.1996078822761774,,1.3595689535140991,0.210529163479805,,1.7416826486587524,0.3547733257710934,,1.3146699666976929
477,Kris Letang,D,31.4,72,201,81.09468960493803,19.988949642727526,3.541489562931657,2.1674695061501117,0.31550262755341835,0.7559882667113319,0.07851624488830566,0.2984338647231847,2.3377628274083135,0.14099210500717163,0.5157449904084206,2.4187753382086754,0.06447598338127136
478,Kris Russell,D,31.4,70,170,63.937263602912424,19.143266457236557,1.01807033957839,1.4326309875935315,0.06311756479056092,0.5198125953118489,0.06463567167520523,0.2496558092168889,1.291385293006897,0.14597269892692566,0.3754814396798611,1.4373338222503662,0.10629606246948242
479,Kris Versteeg,R,32.4,71,176,32.79587599694729,11.861774027618573,2.9506235504716636,0.10135572202503682,0.6918092966079712,1.305600712392479,,0.5497601628303528,1.883352140522003,,0.40249117225408554,1.961437613940239,
480,Kurtis MacDermid,D,24.5,77,233,44.18349203884602,13.719556387551279,0.10395549419221284,0.47869631461799145,0.2012000624090433,0.14021036563503667,1.5375847816467285,0.22583267092704773,1.444325566291809,1.9056953191757202,0.3559898428618908,1.636868953704834,1.241681456565857
481,Kyle Brodziak,C,34.4,74,205,71.44094738619403,9.840692143020034,0.11747798064814508,1.9508170698523524,0.42716298131421204,0.01537457387894392,0.44027218222618103,0.3625597523508072,1.1920313835144043,0.3367050290107727,0.7357913616746664,1.0831044912338257,0.1802934855222702
482,Kyle Capobianco,D,21.1,74,201,15.164040272533894,16.55141933649204,0.004330815076828003,0.5812232293417195,0.19799804292619227,,0.9873379468917847,0.26979944109916687,,1.19966459274292,0.3555851475894451,,1.0508289337158203
483,Kyle Clifford,L,27.7,74,217,59.86174605637789,9.9645440697968,0.19881493375778198,0.1200136878094077,0.34614045739781857,0.016640441492199898,1.4593230485916138,0.3370031372872591,1.141219139099121,1.000033974647522,0.5000836881781817,1.0513590574264526,1.2217968702316284
484,Kyle Connor,L,21.8,74,179,79.60850783199072,14.55151243571192,2.4821974787980317,0.09117451168733835,0.7186642289161682,0.017826423048973083,1.270187258720398,0.5894569754600525,1.0994137525558472,0.8876876831054688,0.4023435038328171,1.0284174680709839,0.9868512153625488
485,Kyle Criscuolo,C,26.4,69,175,19.379391559958457,10.399487197289357,0.008351398381853104,0.2213265098633528,0.7188556790351868,0.010478275828063488,1.1468112468719482,0.5891966223716736,1.2537916898727417,0.7875726819038391,0.4023575022816658,1.1282567977905273,0.7623759508132935
486,Kyle Okposo,R,30.5,72,218,65.4047287552245,14.79167464454174,3.331618053403497,0.1336148083882928,0.6081289114028214,1.6206860976770519,1.3329427242279053,0.6374565924972295,1.727465396773815,0.9868177175521851,0.6492494952201844,1.6215813850879668,1.1957948207855225
487,Kyle Palmieri,C,27.7,71,198,63.76849361509085,13.448624505849182,2.446103209633753,0.593714483961463,0.7916089869759977,2.934223034860939,1.193745732307434,0.3471134923875332,1.5181060633540153,0.8793008923530579,0.6773556055217982,1.7699873606204986,1.0397411584854126
488,Kyle Quincey,D,33.1,74,210,29.280794232785702,16.099331424867387,0.05853678614821735,2.1574538841617303,0.2002889946103096,0.10696064188404701,1.2397576570510864,0.2237452119588852,1.3369035720825195,1.5178802013397217,0.3552445703744888,1.4317988157272339,1.3487303256988525
489,Kyle Rau,C,25.9,69,171,15.383683879375457,10.632026375527154,0.04517342029337088,0.08939893364906311,0.7247012257575989,,,0.6185790300369263,,,0.4025700694322586,,
490,Kyle Turris,C,29.1,73,190,68.30336525291204,15.262519418844581,2.8822447861559692,0.5298574576519429,0.6883293096236884,1.429599944499135,1.246612787246704,0.6074043673038483,1.4760367077350616,0.9982383251190186,0.6721445998251439,1.4019059456586838,0.8022095561027527
491,Lance Bouma,L,28.5,74,208,64.8883046555519,10.0024893310979,0.1667305745326728,1.568086883942783,0.35333144876670836,0.01652810350060463,1.7114464044570923,0.3390813157826662,1.0773946046829224,0.9705260992050171,0.5326579429388046,1.0105597972869873,0.830652117729187
492,Landon Ferraro,C,27.1,72,173,12.924028540849685,9.320444993792728,0.01625231711129461,1.3774808094851885,0.6817126274108887,0.012227082625031471,,0.5903404355049133,1.1802459955215454,,0.4024715542793274,1.0792409181594849,
493,Lars Eller,C,29.4,74,205,77.3587831412442,12.445457351961732,0.7462179851174354,1.6413911198467015,0.6879805460967124,0.016393056139349937,0.35283714532852173,0.4159791621216536,1.0198334455490112,0.2932465374469757,0.5770392057001591,0.9614794254302979,0.18515777587890625
494,Laurent Dauphin,C,23.5,72,186,13.45960112810135,9.96921853022817,0.011907658329243842,1.6568853766535334,0.6953660249710083,,,0.6756965517997742,,,0.4024114027619362,,
495,Lawson Crouse,L,21.3,76,215,21.64592780470848,10.684876737973921,0.01201621446575745,1.4102465459641202,0.7009354829788208,0.01697203703224659,1.5303946733474731,0.6625084280967712,1.2505286931991577,0.9235699772834778,0.40240162223577497,1.1393938064575195,0.9922232031822205
496,Lee Stempniak,R,35.7,71,195,43.75682700991631,13.553669885932422,0.03436095793485642,0.48583388820141554,0.6852579712867737,0.014567798934876919,1.744201898574829,0.5984426140785217,1.0786042213439941,1.079840064048767,0.4023774045705795,0.9958330988883972,0.7818031311035156
497,Leo Komarov,R,31.7,71,205,68.75389166682959,12.631585488152503,1.3194534074325115,2.2269362954854968,0.43088523966521025,1.8809071112809084,0.298516184091568,0.3774138024595976,1.7609874284585316,0.2871471047401428,0.7653785093992949,0.8992473818083605,0.1599864512681961
498,Leon Draisaitl,C,22.9,74,208,76.9227857507641,15.390971705352268,2.7534003518418717,0.41642934970160334,0.8147294305123389,1.5466844081595539,1.3488850593566895,1.0545920516788958,2.3247429994940756,0.8755649328231812,0.5635731341458856,2.0519128988742827,1.098928451538086
499,Liam O'Brien,C,24.2,73,213,14.317429372072219,9.615651436189859,0.006158868618428707,0.0962139217555523,0.675514817237854,,,0.6036380529403687,,,0.4025955617427826,,
500,Lias Andersson,C,20.0,73,185,17.917746782302856,11.072941563801185,0.01282619306151867,0.23698753105990888,0.7038450241088867,0.012864171527326107,1.1540940999984741,0.6481203436851501,1.1999481916427612,0.9367867112159729,0.4023404577374458,1.0892447233200073,0.7766762375831604
501,Logan Brown,C,20.6,78,218,16.389077754057944,10.705189226584972,0.20265152462263106,0.1004096357896924,0.7311242818832397,0.02107013761997223,,0.6199021935462952,1.340458631515503,,0.40224064081907274,1.217184066772461,
502,Logan Couture,C,29.5,73,206,63.588991418033835,13.549251921151578,3.299383462591842,1.1962220633231104,0.871711429799348,2.0185698973290624,0.3760925531387329,0.7330751657873392,2.0501793333530425,0.2510928809642792,0.5919689827740192,1.8593256555080415,0.12724485993385315
503,Logan Shaw,R,26.0,75,208,60.43745046868921,9.53069810940524,0.37453854263065756,1.1497128030891222,0.3187398065117448,0.016164936125278473,0.38233867287635803,0.3504596255501111,1.1560174226760864,0.25451889634132385,0.22791757134732604,1.0642032623291016,0.13871440291404724
504,Loui Eriksson,L,33.2,74,179,61.996482877731324,13.884246648910642,2.334703123817593,1.7917152409940957,0.6159479800879956,1.4876397136740387,0.30165013670921326,0.5041875332951546,1.5947107199192048,0.2738874554634094,0.650637767213583,1.7080413121461868,0.16281898319721222
505,Louie Belpedio,D,22.4,71,197,16.042348036468027,15.77870716730201,0.014060514400300383,0.597105900280064,0.1984841638803482,0.14721869704564713,,0.24177256226539612,1.3192057609558105,,0.3552925832569599,1.4566433429718018,
506,Luca Sbisa,D,28.7,74,206,38.42202594399452,17.3138621371678,0.07782129293759166,2.627495255115628,0.198915598616004,0.11687144452757763,0.0743044763803482,0.17869211733341217,1.1996581554412842,0.1527968794107437,0.35469528317451476,1.3322854042053223,0.1053658276796341
507,Lucas Wallmark,C,23.1,72,178,21.770516682863235,10.631653844989062,0.040918412631750105,0.2415623133805156,0.6947644352912903,0.009378687478601933,1.5226471424102783,0.6130279898643494,1.190524935722351,0.9800105094909668,0.40247478902339934,1.0910717248916626,0.7322009205818176
508,Lukas Sedlak,C,25.6,72,205,66.12996538519859,9.09687528564632,0.14544379521873593,0.6313868994072079,0.6103135949645192,0.013394389301538467,1.1272273063659668,0.04356587568971514,1.1206164360046387,1.0170117616653442,0.49450720312744373,1.0351728200912476,0.762788712978363
509,Luke Glendening,C,29.4,71,190,73.23893785106019,10.606423708261548,0.20948346445067226,2.8555902709692713,0.4020078903259933,0.013657152652740479,0.30259308218955994,0.3634514528361559,1.1699782609939575,0.24257655441761017,0.5674793200342655,1.0757249593734741,0.16408032178878784
510,Luke Kunin,C,20.8,72,197,27.854635000228882,11.47384522793199,0.01764510347485542,0.9848480254760384,0.6950353980064392,0.013450995087623596,1.2902296781539917,0.6326019167900085,1.1667375564575195,0.7938967943191528,0.40231907516717913,1.0605437755584717,0.8462647199630737
511,Luke Schenn,D,28.9,74,225,61.14289271771908,15.481067713440954,0.12317157057031988,1.9231475724548104,0.12196956500262018,0.5102211983997735,0.09979437291622162,0.11644758880208156,1.3089765310287476,0.14685161411762238,0.40894672960042955,1.4090251922607422,0.08085981756448746
512,Luke Witkowski,D,28.5,74,210,38.51141597926617,9.820529795954622,0.0015786598040312529,0.2552373115605116,0.19930154629051686,0.14010954813697185,1.0452834367752075,0.25267118215560913,1.202088475227356,1.3487645387649536,0.3560448797047138,1.296152114868164,1.1695793867111206
513,MacKenzie Weegar,D,24.7,72,206,64.4419318023324,14.891784078460931,0.1500570343721658,0.3303823340767622,0.19954128682613373,0.11333476084672855,1.259708046913147,0.22739437222480774,1.1691592931747437,1.420007586479187,0.35511583641171457,1.3081488609313965,0.9978101849555969
514,Madison Bowey,D,23.4,73,207,56.096453154981134,13.995603609708324,0.011524743210047483,0.4888676568299532,0.19899014554917813,0.14106957056109293,0.9920304417610168,0.2773260772228241,1.2520766258239746,1.2436580657958984,0.3557743373513222,1.3494577407836914,1.0563225746154785
515,Magnus Paajarvi,L,27.5,75,206,81.15320972234011,11.282012553453447,0.028450460461378096,1.5061231134414672,0.6651544570922852,0.014988645911216736,1.3405406475067139,0.6400998830795288,1.1042314767837524,0.7936393022537231,0.40229331493377685,1.0235636234283447,1.2221790552139282
516,Marc Methot,D,33.3,76,230,44.99198647469282,18.556663484445128,0.013537871721029281,2.3310398381918667,0.20153834573924542,0.12909189239903868,0.0999416783452034,0.23799164593219757,1.5199130773544312,0.18885023891925812,0.35575599640607836,1.6042639017105103,0.09237165749073029
517,Marc Staal,D,31.7,76,208,72.82800659894943,17.433078957154603,0.1383526171835065,1.9944975054912268,0.13055478555783628,0.11871903758660204,0.10533087700605392,0.14150238530488582,1.2985516786575317,0.15249596536159515,0.32951152697205544,1.423384428024292,0.09082138538360596
518,Marc-Edouard Vlasic,D,31.5,73,205,69.66505274351687,18.379272319780288,1.5753310464628043,2.1057672158483416,0.34105850359834733,0.43528527549326423,0.0810563936829567,0.2507992400348186,1.746609199357033,0.14886267483234406,0.31600800856947897,1.8615644494876267,0.06973285228013992
519,Marco Scandella,D,28.6,75,212,69.21277527675032,18.316049702733007,0.6405234094604849,1.8707407234817741,0.28090847113057976,0.5997852811761025,0.09988544136285782,0.26554516670703887,1.0262495279312134,0.15191933512687683,0.3337151356041431,1.1439831256866455,0.076157346367836
520,Marcus Foligno,L,27.1,75,226,65.09337532609702,12.542040434832872,0.43580569108942147,0.721424489237547,0.3947351749923527,0.018815835937857628,1.308529257774353,0.3251923780524731,1.1910765171051025,1.2058082818984985,0.6415526821196079,1.095884084701538,0.8430463671684265
521,Marcus Johansson,L,28.0,73,203,36.64749716166407,13.967781262380447,2.848143554659188,0.20115518876314162,0.6504265069961548,1.0824700131341816,1.3420966863632202,0.4905334413051605,1.7428256625056266,0.9355772137641907,0.4024874070286751,1.8522879029273986,1.1160283088684082
522,Marcus Kruger,C,28.3,72,186,52.63143165916205,10.652757436873019,0.1542247588740736,1.9274114577248693,0.12893119053789973,0.011731521226465702,0.344316691160202,0.3825215023963451,1.1285545825958252,0.27955424785614014,0.5748823445379734,1.0487492084503174,0.1560051441192627
523,Marcus Pettersson,D,22.4,75,177,32.98485075324774,16.248188207143304,0.43541926775595546,0.7457698783072234,0.19823079563677312,0.13374281656641882,1.3851584196090698,0.24898765981197357,1.387594223022461,1.5301753282546997,0.3557084840536118,1.5292850732803345,0.8352396488189697
524,Marcus Sorensen,L,26.5,71,175,39.84492417216301,9.916007502092976,0.008218626283407212,0.8997357640296221,0.6852468848228455,0.009276601485908031,0.8912749290466309,0.5547336935997009,1.1992026567459106,0.6256349086761475,0.40246998965740205,1.0953764915466309,0.6744911670684814
525,Marek Hrivik,L,27.1,74,197,13.627238103188574,10.36171234688438,0.03327195079487562,0.5075136090854804,0.6800662875175476,0.01714419201016426,,0.5733396410942078,1.0699998140335083,,0.4024094921350479,0.9992209672927856,
526,Marian Gaborik,R,36.6,73,200,51.74507576823235,12.840959611827135,2.0169995026629417,0.17122236314457656,0.7072921747840941,1.9953068389929831,1.7547513246536255,0.5218391395677329,1.7681943447470665,1.0054625272750854,0.4366082629842758,1.6167081292152405,0.8511220216751099
527,Mario Kempe,R,30.0,72,185,26.937673488855364,10.824879323733366,0.023273318698596952,0.7362641202917695,0.6812466979026794,0.012242664583027363,1.1759617328643799,0.5638794302940369,1.1222989559173584,0.7824220657348633,0.4023627680540085,1.0423351526260376,1.1163723468780518
528,Mark Alt,D,27.0,76,201,26.615017098784445,14.226030468688434,0.0034507433602809904,0.7656344069072895,0.19940193094313144,0.14574026415608962,1.2898368835449219,0.24645255506038666,1.2354243993759155,1.6349787712097168,0.3551766435801983,1.3670793771743774,1.3220677375793457
529,Mark Barberio,D,28.5,73,200,51.54224404275417,15.76351328226924,0.6366697998844086,1.5117282325297594,0.035183318695382215,0.385388827034065,1.206713318824768,0.16467153833769366,1.0135183334350586,1.658692717552185,0.6192293351437896,1.132678747177124,1.2186620235443115
530,Mark Borowiecki,D,29.2,74,204,53.78332447424531,13.817631140946597,0.11751990404725075,1.3027811175953599,0.08483219167572771,0.13558348639550813,0.08603481203317642,0.18569013275749538,1.2158526182174683,0.14560620486736298,0.4568808062374592,1.3268051147460938,0.07177923619747162
531,Mark Giordano,D,35.0,72,205,70.32885840535164,19.16044470432177,2.9680012383252383,2.3109276982821525,0.39219814641289424,0.8719998617738263,0.10434014350175858,0.3627351341765374,1.7214108375549315,0.1406269669532776,0.45302854403853415,1.7757000158518554,0.07063400745391846
532,Mark Jankowski,C,24.1,76,212,75.56916621863841,11.726489893820881,0.6742637345135212,1.1334343899428845,0.6890129446983337,0.0196683332324028,1.307492733001709,0.5969577431678772,1.163898229598999,1.2239036560058594,0.4024725443124771,1.071495532989502,0.9520517587661743
533,Mark Letestu,C,33.7,70,195,66.93673959881068,9.858793017575145,1.6595870103783905,2.24235675624609,0.23137051189467314,2.1111280803831916,0.30184757709503174,0.3372547412340641,1.9083446116367975,0.27704474329948425,0.6337268354952336,0.8185793711249828,0.13732056319713593
534,Mark Pysyk,D,26.7,73,198,68.17949349880219,15.371256515916064,0.17013026804757114,1.848175205154717,0.019466466890643064,0.08380864176372457,0.1263127475976944,0.37045620478169683,1.1741104125976562,0.16867221891880035,0.2527218550990522,1.2658114433288574,0.08270754665136337
535,Mark Scheifele,C,25.5,75,198,68.27181447446347,15.933669984033704,2.837621274261177,0.704421880055964,0.7406005979299545,1.724967199794948,0.3798007667064667,0.9252859097450972,2.0695169529795647,0.2667285203933716,0.8703354041516781,1.827439899468422,0.13535583019256592
536,Mark Stone,R,26.4,75,217,66.05933943390846,14.973189637571574,2.9264494329646227,1.020397664028406,0.8822336828425528,1.1055142211847009,1.2787649631500244,0.8976151253700255,1.9890865071535109,1.1301342248916626,0.9488875400424004,1.8942174645662309,0.8062511682510376
537,Mark Streit,D,40.8,71,186,18.653529782295227,18.607166274703058,1.7901012921241883,0.8218067593005451,0.19897125191986562,0.3458359085663914,,0.33864811062812805,1.6920936107635498,,0.3563949657976627,1.7999018430709839,
538,Marko Dano,L,23.8,71,201,31.272932222485544,8.71806885899496,0.08665908878225088,0.16361588285326958,0.6725677847862244,0.011429036036133766,1.54246985912323,0.5904957056045532,1.1109477281570435,1.0193179845809937,0.40244731098413467,1.0218080282211304,0.7526953220367432
539,Markus Granlund,C,25.5,72,180,68.09604131937027,12.485430897939205,1.131381465787068,1.4207056705772878,0.5414823331564664,1.6231603716784155,0.2520527243614197,0.32538510076200966,2.327780352306366,,0.4360057072213888,1.8455307963132859,
540,Markus Hannikainen,L,25.5,73,200,39.34145981550217,8.278885834648127,0.029471667992472646,0.6131567803785205,0.660624086856842,0.012687673792243004,1.2072203159332275,0.6425216794013977,1.0895551443099976,0.7590288519859314,0.40223614752292636,1.0130729675292969,1.1274890899658203
541,Markus Nutivaara,D,24.3,73,187,67.71796218868344,14.53016880403161,0.09857822742712499,0.3268146821320057,0.17891029391437768,0.4879426303635435,1.1528960466384888,0.15807189401487215,1.296589970588684,1.4712891578674316,0.6909027616553008,1.393054485321045,1.187535285949707
542,Martin Frk,R,25.0,73,210,70.22259522497654,8.377234450557827,2.1153960907258096,0.10016942483901978,0.6685724258422852,0.016778109595179558,0.9655444622039795,0.5877597332000732,1.1496857404708862,0.709116518497467,0.40242345958948134,1.0542089939117432,0.6258521676063538
543,Martin Hanzal,C,31.6,78,230,46.293830168247226,13.210787454136481,1.3908196765750647,1.7624663379594685,0.7244440913200378,1.2135436778828501,0.3638760447502136,0.5409303903579712,1.6857002168297768,,0.4023004421591759,1.9220197271108626,
544,Martin Marincin,D,26.6,77,217,16.75380579471588,15.33113322753677,0.007911911171136633,2.9310872723480066,0.2010461701452732,0.13696456953489708,1.384272813796997,0.20258931815624237,1.3685942888259888,1.763482928276062,0.35529364585876466,1.5121184587478638,1.402578592300415
545,Martin Necas,C,19.7,74,189,12.762557382620871,10.887629128977224,0.008824807628989219,0.09837561167776585,0.7044299840927124,,,0.6547249555587769,,,0.4023232340812683,,
546,Mathew Barzal,C,21.4,73,190,81.93173907577992,14.811656810572744,3.0129549266785385,0.11725536518800259,0.671703577041626,0.013420913368463516,1.2887665033340454,0.7540632486343384,1.3654146194458008,0.8118627071380615,0.4022326347231865,1.2517476081848145,0.8540424108505249
547,Mathieu Perreault,C,30.7,70,189,63.86956008583307,12.911217032565176,2.689690605713427,0.1298589909943342,0.5413826664984226,1.6235938662178815,1.1433478593826294,0.6012670855548382,1.6739704570531844,0.9264160990715027,0.8417718342304229,1.747773444390297,0.7747619152069092
548,Mats Zuccarello,R,31.1,68,181,73.98245577380061,15.210830459459126,2.5773577802862975,0.49743746273654693,0.597144259954989,0.8165002659425139,1.0666627883911133,0.763036971282959,1.9128509812474253,0.9155541658401489,0.7762417541712523,1.7501695525169372,0.7770448327064514
549,Matt Bartkowski,D,30.3,73,201,28.99435041964054,16.563905108412268,0.007784315574179803,0.8606238712246927,0.19858070336282252,0.11768961298060965,1.230208158493042,0.1930576115846634,1.2379872798919678,1.6238844394683838,0.3548143881559372,1.369255781173706,1.2351752519607544
550,Matt Beleskey,L,30.3,72,207,24.24295192722231,11.080427104181052,1.3134752556100489,0.6036335822835566,0.6765888929367065,0.01360243745148182,1.306095838546753,0.6591820120811462,1.0143243074417114,0.7583552598953247,0.40239414691925046,0.9523513317108154,1.2083851099014282
551,Matt Calvert,L,28.8,71,186,60.64067115277052,12.044919328030945,0.40092686078836026,1.8459324195742606,0.5840706357635557,0.011044148355722427,0.2973070442676544,0.37235959790694717,1.1653250455856323,0.2472381740808487,0.6756157582581044,1.0584814548492432,0.13752581179141998
552,Matt Cullen,C,41.9,73,202,68.92904872953892,10.930294151076675,0.3453759818585664,1.6676670350313185,0.5703563044033945,0.01871400885283947,0.3230109214782715,0.482754610940814,1.2865980863571167,,0.7405778624176979,1.1772229671478271,
553,Matt Duchene,C,27.7,71,195,77.28667409317568,15.294046997483076,2.5970187968067826,0.4120376215880513,0.778094026531279,1.473805840906501,1.1875007152557373,0.7343615652471781,1.5910431364774704,0.871525228023529,0.7074936999440193,1.3583211149334908,1.0265791416168213
554,Matt Dumba,D,24.2,72,181,68.79680967509746,16.67420281875655,2.0541444323971865,0.38213802097241584,0.3116315135255456,1.482627019772865,1.2816388607025146,0.24003558446466922,1.8817297501564025,1.130603551864624,0.45107013031840326,1.752026299437046,1.3643982410430908
555,Matt Grzelcyk,D,24.7,70,176,68.43997459739447,15.605152507217168,0.6926096610512584,0.31686452038156987,0.19885136611759663,0.07697073267827996,1.2625696659088135,0.21677708625793457,1.4430222511291504,1.0423506498336792,0.35547710716724396,1.5754090547561646,1.2686622142791748
556,Matt Hendricks,C,37.3,72,211,64.63035559240728,9.251723849362135,0.19372351023080944,1.9541435315087439,0.38256369587481026,0.01572958379983902,0.333423912525177,0.33687959535241124,1.2309327125549316,0.32098472118377686,0.5506163329690694,1.1214686632156372,0.18233028054237366
557,Matt Hunwick,D,33.4,71,194,50.11588075518608,16.39572907873094,0.2183422058005631,1.6455242145836353,0.09937794719375673,0.09484346151828675,0.08864863961935043,0.3543119660522789,1.2636196613311768,,0.37205077782273294,1.343690037727356,
558,Matt Irwin,D,30.8,74,200,67.05735840439796,14.242333854150772,0.010128147817611694,1.0969282985419035,0.08348206431269643,0.4496071516181282,1.4307868480682373,0.04185063626041557,1.1899484395980835,1.2633036375045776,0.6609365288577974,1.319732427597046,1.5803189277648926
559,Matt Martin,L,29.4,75,220,69.04478959769011,9.262660087922216,0.1949374392709285,0.1626252096017599,0.4022845235043168,0.01810629665851593,,0.3621780087846518,1.194563865661621,,0.5957081292450428,1.0959140062332153,
560,Matt Moulson,L,34.9,73,188,23.930803526639938,9.604398579821995,1.908717475002847,0.11459220513468353,0.6978592872619629,0.018603144213557243,1.6681040525436401,0.6256460547447205,1.117325782775879,0.9567310214042664,0.4023927253484726,1.0214810371398926,0.8055274486541748
561,Matt Nieto,L,25.9,71,187,63.24416997119784,12.369834811894595,0.4644212335583568,1.5498123393580316,0.5042519690565765,0.01268470287322998,0.2969079315662384,0.2694283088423014,1.1223580837249756,0.23970584571361542,0.5846018646001816,1.0348975658416748,0.15829063951969147
562,Matt Niskanen,D,31.8,73,203,73.2573000439629,19.019463410110774,1.4143763364464044,2.3448656768787655,0.13043161981654822,0.303827051975698,0.08414672315120697,0.37415373358652,1.0900167226791382,0.1591491401195526,0.36312406226992605,1.2216709852218628,0.07577233761548996
563,Matt Read,R,32.3,70,188,28.02121304154396,11.92303232060013,0.36593298758480025,1.015770561698806,0.6946954727172852,0.01235964521765709,1.1792488098144531,0.6119855642318726,1.1185786724090576,0.7703320980072021,0.4023465731739998,1.0486254692077637,1.1238620281219482
564,Matt Stajan,C,34.8,73,195,66.55586028799415,10.069788621312378,0.16055593213151395,1.578160168351233,0.2804494833981693,0.016009729355573654,0.4192810356616974,0.45252691293990616,1.172709345817566,0.32343268394470215,0.6377605410158634,1.0822057723999023,0.1713438183069229
565,Matt Tennyson,D,28.4,74,205,25.266263768672943,13.885319125151636,0.2625969805664718,0.578545451822877,0.19880380906164646,0.8057018751585134,1.0274103879928589,0.25103309750556946,1.278315782546997,1.3260728120803833,0.35539014741778374,1.3854901790618896,1.1593846082687378
566,Matthew Benning,D,24.4,73,203,71.52560171809047,15.964806267556547,0.37837603851854806,0.8270324071854354,0.1332933183416724,0.43306028098684096,1.2913391590118408,0.24520233204662797,0.9515214562416077,1.4698923826217651,0.5562139616366476,1.0560884475708008,0.999606728553772
567,Matthew Highmore,C,22.6,71,188,22.766470601558684,11.126552755420109,0.006997131410622597,0.6734063131171465,0.6809438467025757,0.01106580626219511,1.1134262084960938,0.6559811234474182,1.1564909219741821,0.8172879219055176,0.40251183569431304,1.0681509971618652,0.991409420967102
568,Matthew Peca,C,25.4,68,181,21.467021989859642,11.345772637645661,0.2772807592332363,0.702117710328102,0.71708083152771,0.010106201283633709,1.0435816049575806,0.5434625744819641,1.2913215160369873,0.8041516542434692,0.4023063999414444,1.177053451538086,0.7082494497299194
569,Matthew Tkachuk,L,20.8,74,201,75.48897095516324,13.562248496219516,2.6135236324958506,0.0621374542927146,0.7843147892251611,2.065230741593335,1.3845937252044678,0.8026655427232385,2.1803314525127413,0.8462826013565063,0.486064676707983,1.4653749032974241,0.9059638977050781
570,Mattias Ekholm,D,28.4,76,215,75.297264197357,18.42339290406704,1.2388083260290323,1.8048168541613967,0.15405233453772962,0.8309222257857523,0.07705945521593094,0.26264736330509186,1.4704562182962893,0.1546642780303955,0.34663346484303476,1.528847360400359,0.09876196831464767
571,Mattias Janmark,C,25.8,73,205,81.84930937081576,14.145944644141197,1.5180736568018793,1.4985771126508711,0.6645063161849976,0.017522981390357018,1.030242681503296,0.5674232840538025,1.0786100625991821,0.916191816329956,0.4023269754648209,1.0023642778396606,0.5549258589744568
572,Max Domi,C,23.6,70,194,71.7087407578528,13.731498662048578,2.6777338173126184,0.07237622866412004,0.5967728311073035,0.5897131100185216,0.9169102907180786,1.0225716652184724,2.337023702955246,0.8131710886955261,0.38673410827194654,0.8500631175180275,0.4794272780418396
573,Max McCormick,L,26.4,71,188,37.40619672548026,8.885912641196608,0.0071223568916320805,0.42686884092688565,0.672774076461792,,0.8928641676902771,0.5901874899864197,,0.6478877067565918,0.40223131656646727,,0.6454723477363586
574,Max Pacioretty,L,29.9,74,217,74.35694221496583,14.622717798925937,2.8670393636800346,1.3463964192204179,0.8257384979699255,1.8697389170102776,0.42890405654907227,0.5856110589733123,1.7972174156188965,0.30259212851524353,0.7241880505464077,1.8200236036300659,0.18986816704273224
575,Maxim Mamin,C,23.7,74,206,33.434482460096476,10.731225262151602,0.057407682018280025,0.10765774215340614,0.6752496957778931,0.014912489801645279,0.9665372371673584,0.6304656863212585,1.1298022270202637,0.6883395314216614,0.40250515192747116,1.0412023067474365,0.6389482021331787
576,Melker Karlsson,C,28.2,72,180,58.38880622178316,12.092919883495568,0.43674641499231753,1.1129286172553896,0.6520383901514113,0.011822741478681564,0.2325582206249237,0.37316477699875833,1.194998860359192,,0.7044326579868794,1.0797728300094604,
577,Michael Amadio,"C, R",22.4,73,204,43.187837600782515,9.157779143878232,0.713787489503622,0.11038399609661102,0.6779825091362,0.013870574533939362,1.1947320699691772,0.6515222191810608,1.0741186141967773,0.8785088062286377,0.40247700542211534,0.988309919834137,1.0700279474258423
578,Michael Bournival,L,26.3,71,198,14.62717207312584,8.841010033151395,0.03736693934464455,0.10138914510607719,0.6592755913734436,,,0.6095045208930969,,,0.4023971796035767,,
579,Michael Chaput,C,26.5,74,199,19.063795337677004,10.431331994305067,0.037967255102027544,0.674704732365674,0.6924899220466614,0.012507660314440727,0.977616548538208,0.6130382418632507,1.0948132276535034,0.6888328790664673,0.40254625022411344,1.0054138898849487,0.6596837639808655
580,Michael Dal Colle,L,22.3,75,195,14.852068011760712,11.128300112085947,0.10846171577870846,0.08411728076636792,0.6970822215080261,0.014554344117641449,,0.6214067935943604,1.1764676570892334,,0.402519194483757,1.073939561843872,
581,Michael Del Zotto,D,28.3,72,195,51.5204351401329,18.323781188945475,1.212909187847376,1.7385123050723226,0.26126823654584597,0.0187622559118275,0.07055477797985077,0.2985512222293764,1.0135843753814697,0.14636969566345215,0.31647247955203056,1.1078532934188843,0.09538082033395767
582,Michael Frolik,R,30.6,73,186,69.55965446278452,13.87734565578252,0.9757538394439965,1.8437758740246295,0.592401846716553,0.012811475433409214,0.3089880347251892,0.4385305583178997,1.1178745031356812,0.2721145451068878,0.8493725279867649,1.0252697467803955,0.15394027531147003
583,Michael Grabner,"L, R",31.0,73,188,77.24642835530142,12.086771632006764,0.08754082436870038,2.1230196300397317,1.20321033586512,0.01270147506147623,0.36683401465415955,0.40114754356344545,1.1332777738571167,,0.1855721368636787,1.0355007648468018,
584,Michael McCarron,R,23.6,78,232,28.40651263598353,9.7250342708376,0.08417618395386667,0.09899038843496114,0.7520011067390442,0.02373753860592842,1.2914714813232422,0.6273060441017151,1.3800431489944458,1.0531256198883057,0.40215899705886843,1.2492374181747437,0.668053150177002
585,Michael Raffl,L,29.8,73,205,63.837666001915935,12.560254183757305,0.5361298964496701,0.5794647182911635,0.7880037683799862,0.016951413825154305,1.0080310106277466,0.23073623271155358,1.122886061668396,0.759526252746582,0.6246833961496353,1.0280801057815552,0.653755247592926
586,Michael Stone,D,28.3,75,210,71.98959508150816,16.742269469757378,1.3780777142830194,1.7701055834945292,0.17291109841018915,0.13486797379655485,0.0932498425245285,0.20135931556237824,0.8637187480926514,0.14688222110271454,0.3646282301843166,0.9499171376228333,0.07717253267765045
587,Michal Kempny,D,28.1,73,192,58.66847152143717,14.89728925509453,0.017760886737704276,0.8726432803094386,0.11507733540087935,0.13233000553268337,1.1719930171966553,0.14897587619923902,1.2479816675186157,1.5396225452423096,0.5575905657917261,1.3470361232757568,1.2121502161026
588,Micheal Ferland,L,26.4,74,217,74.82046722707649,11.82679495934844,1.0768945933751761,0.04653594639599323,0.6753827792592346,0.019497763365507126,1.7484124898910522,0.6472232797130942,1.131479263305664,1.185893177986145,0.27880647107784945,1.0441527366638184,0.8645965456962585
589,Micheal Haley,L,32.5,71,213,71.46456234514713,8.602594400301575,0.12140336100205779,0.06114668500894308,0.3246221281092614,0.01381121575832367,1.0206856727600098,0.37778335281130854,1.1791337728500366,0.8567999005317688,0.45623386905118823,1.063647747039795,0.6687349081039429
590,Miikka Salomaki,R,25.6,71,203,61.705934314206246,10.195747770524026,0.025944257402181627,0.37575539139360187,0.6982181072235107,0.011094002053141594,1.567448616027832,0.567398190498352,1.1300798654556274,1.0291736125946045,0.4024759423732758,1.0313655138015747,0.7694149017333984
591,Mika Zibanejad,C,25.5,74,202,65.72837807970122,13.61149370457232,2.634058525907993,0.9221864556767047,0.7291050307482482,1.7315211084358395,1.1746348142623901,0.5011384394307137,1.6090228892445564,1.1116701364517212,0.7641768903315067,1.6412526302814483,0.8599360585212708
592,Mikael Backlund,C,29.5,72,206,66.36884981319308,13.69161195501089,1.855631057913229,1.9369001452684405,0.5909725177802145,1.1786483874645084,0.34526506066322327,0.6524656044363977,1.6136000724554063,0.2789762020111084,0.7456081652700901,1.5985299895763398,0.17873677611351013
593,Mikael Granlund,C,26.6,70,185,73.7401318731904,14.778912306699157,2.4115765338473025,1.1103452478185296,0.4710170871831476,1.2007020897172391,0.3321378529071808,0.8517882861554622,2.0259695789575574,0.22375407814979553,0.7872241925656795,1.7159033245801927,0.09910260140895844
594,Mike Blunden,R,31.8,76,217,12.663471456766128,9.739563313249123,0.02474201496852481,0.10668028945377339,0.692284345626831,,,0.6108850836753845,,,0.40233957797288894,,
595,Mike Cammalleri,"C, L",36.3,69,185,68.30318750858306,14.27210472537279,2.2848871255401524,0.4562181277640462,0.5659936493128538,1.7773658865630628,1.5802764892578125,0.6127827712237834,2.03422470369339,0.9194926619529724,0.7675837606906891,1.997067898583412,0.7289029359817505
596,Mike Fisher,C,38.3,73,216,26.26994511488825,12.517475122013282,1.7017494369785897,1.852948549912057,0.7040640115737915,0.01924079842865467,1.4891258478164673,0.6931141018867493,1.2012368440628052,0.9117787480354309,0.4022377961874008,1.109320044517517,1.3816019296646118
597,Mike Green,D,33.0,73,210,65.68455996453763,18.34573450582027,2.556068444795906,0.14163032851412893,0.2633664381127804,0.7687433568070977,1.3266428709030151,0.2629092988550663,1.7371786562532185,1.7260931730270386,0.32772980093955995,1.8051353251814841,1.280436635017395
598,Mike Hoffman,L,28.9,72,190,76.56154967265203,14.1245334759295,2.620649879674986,0.13770513500350715,0.8395960222035646,2.010874554889649,1.2591074705123901,0.7941172454476356,1.6786712054133415,0.8837527632713318,0.6530977772712708,1.376878208422661,1.0330816507339478
599,Mike Liambas,L,29.6,70,195,16.23828795671463,9.949537254240996,0.007416844133615494,0.10323601260781289,0.6860188245773315,0.012883328832685947,,0.5578544735908508,1.1376296281814575,,0.40244551837444303,1.0597954988479614,
600,Mike Matheson,D,24.6,74,193,81.75720464587212,18.59362735942006,0.835233086868748,1.9994411643743515,0.19972315780818461,0.43317317636546315,1.3658862113952637,0.21368952095508575,1.0688250064849854,1.1908735036849976,0.3548159244656563,1.1917541027069092,1.4787861108779907
601,Mike Reilly,D,25.2,73,196,61.29751100033522,14.222317140710354,1.366363355498761,0.2819066530067921,0.19953562058508395,0.027873697251334515,1.3618053197860718,0.21749138832092285,0.8282193541526794,1.115715503692627,0.35534955412149427,0.9085484743118286,1.4555503129959106
602,Mikhail Sergachev,D,20.3,73,217,81.11146753966808,15.685686032234667,1.5235485460560767,0.27649616989111897,0.1982669285684824,1.168564134630676,1.0342603921890259,0.3001382350921631,1.4810664653778076,1.2651832103729248,0.35630774512887003,1.5910509824752808,1.1038151979446411
603,Mikkel Boedker,L,28.8,72,207,77.73140792502711,13.05343303232342,2.4110469876445833,0.28386532565420863,0.6760458851799369,1.0498995694480837,1.657112717628479,0.4767917853713036,1.5013384807229042,1.094693899154663,0.684311672437191,1.5788156989097595,0.7871637940406799
604,Mikko Koivu,C,35.6,75,213,76.87097083598375,14.563101438660919,2.8957031328704206,1.5360027702227235,0.42870044679546354,1.113485320484638,0.3406507074832916,0.4314913297691345,1.6102794154644011,0.3348744511604309,0.9608206026077271,2.046159369778633,0.1979288011789322
605,Mikko Rantanen,R,21.9,76,215,78.76493041813373,15.378815717992186,3.3066402091689406,0.06357105798780918,0.8798464150752873,1.7680721065448597,1.560602068901062,0.5058506376475096,1.979583299922943,0.9291085600852966,0.5267654640182853,1.5935393283843995,0.9897971153259277
606,Milan Lucic,L,30.3,75,240,75.4275572964549,14.116827030700446,2.1982137282110754,0.11107556307661533,0.5126499939657748,1.3584531111545861,1.6141643524169922,0.63159901766181,1.7958077661514282,1.125602126121521,0.6441675976127387,1.7110752947092056,1.3839304447174072
607,Miles Wood,L,23.1,74,195,72.87013600945473,11.606705814516545,1.2615912126243116,0.04936287050175667,0.8599035582851619,1.9407013600805771,0.9949460029602051,0.1452463009837568,1.6285119117975235,0.8667755722999573,0.5374172717750073,1.5861552741050722,0.5602986812591553
608,Mirco Mueller,D,23.5,75,210,37.01380570828915,14.980162693193337,0.022064729305118325,2.218497716602683,0.19982158623635768,0.12648148592038433,1.2913219928741455,0.2590101957321167,1.3268601894378662,1.6878769397735596,0.35505448386073113,1.4247674942016602,1.2756245136260986
609,Mitch Reinke,D,22.7,71,181,18.241731863617897,16.41775564132615,0.008678263500332833,0.630971917073301,0.19806910008192063,,,0.25684964656829834,,,0.35562889456748964,,
610,Mitchell Marner,R,21.4,72,181,79.35273419439793,14.390427359759808,2.407731317138672,0.09095239514237642,0.8107055803783239,1.982367520777974,1.210070013999939,0.6666910183389205,2.659126676893234,0.7798216342926025,0.6634907753825187,2.1546727149248124,0.8153660893440247
611,Morgan Klimchuk,L,23.6,72,185,13.76794467329979,10.973432107210158,0.013262329548597336,0.077873131968081,0.6829482913017273,,,0.5951724648475647,,,0.4023863643407822,,
612,Morgan Rielly,D,24.6,73,222,74.53576288595795,18.556756606102734,1.811537287284434,1.3247296180076897,0.2059346562754363,0.5278279100312292,0.07958085089921951,0.4752763876292854,2.922328845846653,0.1408020257949829,0.425939749032259,2.620958986854553,0.09267574548721313
613,Nail Yakupov,R,25.0,71,195,61.201819995082914,10.973032201696933,1.475369444686547,0.08898299830424786,0.42248117585036155,0.01484246551990509,,0.42688497050726415,1.0863934755325317,,0.6337115345656872,1.0171959400177002,
614,Nate Prosser,D,32.4,74,201,61.399258511066435,12.519186689960481,0.011406688976570965,1.5129649764955044,0.19894759237766266,0.1385758322587091,1.3010731935501099,0.22760245203971863,1.2081719636917114,1.6818989515304565,0.35481462597846986,1.327690839767456,1.2844303846359253
615,Nate Schmidt,D,27.2,72,195,68.33436280282835,16.38747965742548,0.4925280438481767,1.338162502049903,0.03753830961300083,0.3623360272603826,1.2712440490722656,0.46824810108264603,1.060651421546936,1.3638266324996948,0.3878945734240115,1.109141230583191,0.9617006778717041
616,Nate Thompson,C,34.0,73,205,71.94694500811399,10.883740774194896,0.016004786106467248,2.1348192468360065,0.7049852609634399,0.017001401633024216,1.2910137176513672,0.5614213943481445,1.1682087182998657,1.1067849397659302,0.40214239567518234,1.0574936866760254,0.8664118051528931
617,Nathan Beaulieu,D,25.8,74,200,59.137904325276615,15.926672253806144,1.0841064079731701,0.19878418459556996,0.04208961575564929,0.5488824003171175,1.3950932025909424,0.29717276129871606,1.8595685910681885,1.143023133277893,0.39104661509394645,1.8014597863554955,1.5082530975341797
618,Nathan Gerbe,C,31.2,64,176,17.33861666917801,11.709627598368149,0.5835185324285249,0.9986220768634155,0.782370924949646,,,0.5855503678321838,,,0.4024963900446892,,
619,Nathan MacKinnon,C,23.1,72,200,69.72991498235614,15.141199408259986,2.9268643561206757,0.6636281244920492,0.6675484394632281,1.4805338927179574,0.9764525890350342,0.7777050447940825,1.9114810973882674,0.82136470079422,0.8751585555076599,1.7829460430145265,0.5270942449569702
620,Nathan Walker,L,24.6,69,187,19.817643909454347,10.741169429124483,0.016246058301448825,0.19542584766709806,0.7073400616645813,0.012263800948858261,0.8712345361709595,0.6212696433067322,1.2164093255996704,0.8002223968505859,0.4024444282054901,1.123070478439331,0.496957391500473
621,Nazem Kadri,C,28.0,72,185,75.1222972536087,14.671026747615635,2.3575484651960434,0.15610659652429817,0.7862021871216595,2.52152198972851,1.079013466835022,0.5339139695435762,1.8025491125106812,0.9329483509063721,0.7171455355554819,1.973354527783394,0.7594596743583679
622,Neal Pionk,D,23.2,72,185,37.35187269836664,19.310047905046286,0.9573674779310821,2.5420168998837473,0.197891930565238,0.10942275323532305,0.9124711155891418,0.2307772934436798,1.2104427814483643,1.1257389783859253,0.35552576690912246,1.3186074495315552,0.9215639233589172
623,Nic Dowd,C,28.3,73,193,69.23344370901584,10.259402965191008,0.8783390247166156,0.638820032119006,0.35784836053662,0.014088506810367107,1.1207666397094727,0.15871581460481882,0.996595561504364,0.9932853579521179,0.20572574048632383,0.9305860996246338,0.7822713851928711
624,Nic Petan,C,23.5,69,175,25.27068203449249,8.967203764474652,1.577508172773667,0.12228100862247271,0.7301543951034546,0.010933623649179935,,0.650285542011261,1.2499300241470337,,0.40246773093938826,1.133828043937683,
625,Nicholas Baptiste,R,23.2,73,205,40.54890198469162,9.178224053088908,0.7681767308726907,0.2513449435710907,0.6641191840171814,0.016530632972717285,1.2239305973052979,0.6602572798728943,1.1121244430541992,0.8700199127197266,0.40231906205415724,1.0352438688278198,1.0233290195465088
626,Nicholas Merkley,R,21.4,70,195,13.688772345781326,11.041611893451442,0.03994675097763538,0.10157791402190924,0.7039026021957397,0.00926498044282198,,0.6392821073532104,1.2210296392440796,,0.4025328555703163,1.1105257272720337,
627,Nick Bjugstad,C,26.2,78,209,62.372788664698604,12.707634503901005,2.025810241786018,0.2451237431423068,0.6821124237492681,1.3720424793325363,1.3753191232681274,0.4421338416187763,1.6098037584662437,1.158263921737671,0.6900211375057698,1.7260135177373888,0.8613020777702332
628,Nick Bonino,C,30.4,73,195,67.8676650492847,12.44676498835832,1.4834443482793866,2.180854653695226,0.6208770861886441,0.015524470247328281,0.340187132358551,0.6800465900093318,0.9943919777870178,0.2656318247318268,0.7237290684968233,0.9263050556182861,0.17804065346717834
629,Nick Cousins,C,25.2,71,192,71.48475371599197,11.770189236336947,0.8671794336549938,0.052992822456955906,0.6404002485513687,0.01290691364556551,1.0644938945770264,0.13870930748012844,1.1510770320892334,0.9863795638084412,0.4746958636932075,1.0536447763442993,0.7327541708946228
630,Nick Foligno,L,30.9,72,210,73.81039549903944,14.595390660144389,2.4007038958687335,0.9428117024354635,0.7228794001743197,1.6962893666863441,1.293781042098999,0.39029732100546355,1.5634219155907632,0.9670999646186829,0.7779037778705359,1.831786271619797,1.1482441425323486
631,Nick Holden,D,31.4,76,210,75.9541312847659,17.56383339615539,0.8857629789330065,1.7331622979398817,0.2380521079875529,0.983146691015547,0.09917119145393372,0.2503730857141316,1.1949729919433594,0.15371614694595337,0.4163303384184837,1.3172438144683838,0.08451686054468155
632,Nick Jensen,D,28.0,73,205,81.72476883679629,15.433229788774252,0.009538161365270614,1.8807264226078988,0.06392989514305483,0.13258878287544346,0.13274678587913513,0.20324560162192337,1.081894040107727,0.1688535213470459,0.6145280099660158,1.1780085563659668,0.0859806165099144
633,Nick Lappin,R,25.9,73,175,16.729816945791246,11.128112641315681,0.2128076245940584,0.33451500473116735,0.6833091378211975,0.011741737835109234,,0.6298613548278809,1.186928153038025,,0.40237168431282044,1.0928754806518555,
634,Nick Leddy,D,27.5,72,205,75.91730701819063,18.682264488521216,2.833330388203263,0.2895880852521062,0.22414644995555286,0.65321359926866,0.1281561702489853,0.3671727843910456,1.5140600294202566,0.168270543217659,0.3528286135196686,1.5905448771223427,0.08530324697494507
635,Nick Paul,L,23.5,75,223,21.137187362909316,10.962173266969163,0.04538533015451166,0.17437284001561007,0.70069420337677,,1.0514540672302246,0.6171953082084656,,0.767402708530426,0.40246252447366715,,0.6518254280090332
636,Nick Ritchie,L,22.8,75,236,78.14396701335907,12.612814848902822,0.5532348264448941,0.17332502989453075,0.7621203214995563,0.02201993018388748,1.4037606716156006,0.19352943564310665,1.2365212440490723,0.9829202890396118,0.5926898235365748,1.1320234537124634,1.2285517454147339
637,Nick Schmaltz,C,22.6,72,181,74.15261564016342,13.336292041830717,1.8998166230536997,0.6710586680412293,0.7394855603586883,0.5653232543499208,1.2266550064086914,0.7381091333284975,2.2885989326715466,0.8066109418869019,0.5401479942120612,1.6874179653406143,0.9820826053619385
638,Nick Seeler,D,25.3,74,201,32.15733821362257,15.200578562748492,0.012988189569577575,0.7925233133077622,0.199457728266716,0.1432324907853661,1.3992727994918823,0.21757030487060547,1.182456612586975,1.145180583000183,0.35494547575712204,1.3326754570007324,1.5091354846954346
639,Nick Shore,C,26.0,73,198,68.5373960741361,11.47359499616623,0.233573644075647,1.2990944096043706,0.32504516206656897,0.011521327309310436,0.2533441185951233,0.41788204923619826,0.9660937190055847,,0.3271359738724927,0.9036362171173096,
640,Nicklas Backstrom,C,30.9,73,202,76.87672617152333,15.143889028277993,3.179103660153225,0.9127373180285097,0.6663295230589807,1.1603773435845972,0.34430181980133057,0.8515369460105896,2.4372483870506283,0.27408093214035034,0.880686233496666,2.4786302863121032,0.1817670315504074
641,Nico Hischier,C,19.7,73,175,81.92433947086334,13.968757245638967,1.8626710680827496,0.5799206446692348,0.7079212665557861,0.01377427950501442,1.1745262145996094,0.6688618063926697,1.1777746677398682,0.9074811339378357,0.40218758285045625,1.1008105278015137,0.7694945335388184
642,Nicolas Deslauriers,L,27.6,73,220,61.965430297255516,9.50581868223846,0.1579765842372924,0.5017217319920659,0.2633736942686439,0.016217900440096855,1.2276074886322021,0.1904703903671503,1.1715103387832642,1.1359357833862305,0.49931175539541245,1.078333854675293,0.8169704079627991
643,Nicolas Kerdiles,L,24.7,74,200,12.90616288781166,10.691860070654755,0.02002441881649494,0.09525047730654478,0.6750946640968323,0.016890885308384895,,0.5868380665779114,1.1063997745513916,,0.40233918488025666,1.0316096544265747,
644,Nicolas Roy,C,21.7,76,202,13.148828955888748,11.058902680408622,0.003934474810957909,0.09036631308495999,0.6965621113777161,,,0.6409977674484253,,,0.4023802945017815,,
645,Nikita Kucherov,R,25.3,71,181,74.1884811809659,14.881079641535878,3.1130668249558657,0.10468721238923072,1.1274461106322706,2.019799609439075,1.0564725399017334,0.8291749956071376,2.0156290650725364,0.944182813167572,0.8120789124488831,1.853976240348816,0.6867546439170837
646,Nikita Scherbak,R,22.8,74,192,33.499747095108035,11.60715079887329,1.3617343030914664,0.14354800594317912,0.6856689453125,0.01283721812069416,1.1808527708053589,0.6888064742088318,1.1601173877716064,0.7666100859642029,0.4024003553390503,1.0648159980773926,1.087464451789856
647,Nikita Soshnikov,R,25.0,71,190,24.363656593561174,9.589001826108762,0.40617928948406357,1.1303176708588927,0.6781022548675537,0.012012475170195103,1.1529362201690674,0.6460903286933899,1.0666695833206177,0.8346890807151794,0.40251716136932375,0.9902074337005615,1.0169620513916016
648,Nikita Zadorov,D,23.5,78,248,70.64532075732946,17.174929473620654,0.13698333670246599,2.378562738889456,0.03638043773215334,0.7790208756605757,0.15634837746620178,0.10874323416546941,1.7715249061584473,0.19139598309993744,0.6247052645735442,1.8647911548614502,0.09322231262922287
649,Nikita Zaitsev,D,26.9,74,192,74.3479449635744,18.93493605375141,0.8270571337118745,2.497849224984646,0.10433929449990394,0.2995418367054296,0.12595409154891968,0.22946784032447393,1.2639198303222656,0.1641230285167694,0.5306430717464536,1.3514951467514038,0.08241278678178787
650,Niklas Hjalmarsson,D,31.3,75,197,53.70101671159267,19.00236486815289,0.17334475938233734,2.3609579621143637,0.08595388920466467,0.09698121601162077,0.07356245070695877,0.23715299441158233,1.2633506059646606,0.15750084817409515,0.38774037048220633,1.3747961521148682,0.11884105205535889
651,Niklas Kronwall,D,37.7,72,194,60.58154781520366,16.88346445232481,2.60151247279793,1.1636697744323166,0.11302302441470029,0.3467601225697696,1.3255470991134644,0.1693397127803736,1.6436589682132006,1.7100746631622314,0.4709435077011585,1.8303805565819145,1.3013947010040283
652,Nikolaj Ehlers,L,22.6,72,169,75.39552182803551,14.148927016802132,2.2751552624091507,0.02141591186070442,0.9080478174574673,1.8712098663181067,1.1762789487838745,0.8491965406318506,2.1578764817794163,0.8351756930351257,0.42700590173279246,0.8921168810923894,0.9432780742645264
653,Nikolay Goldobin,R,23.0,71,196,44.35712399601936,11.443763984684534,0.8727047041133046,0.11012774292379618,0.6743274331092834,0.011021086014807224,,0.6252726912498474,1.1736892461776733,,0.4025203874707222,1.0643163919448853,
654,Nikolay Kulemin,L,32.2,73,228,22.247336815595627,11.647965570862677,0.038315444485832656,1.9933699410873478,0.6808739900588989,0.019462846219539642,1.807234525680542,0.5661124587059021,1.1631978750228882,1.0582389831542969,0.40226373612880706,1.0910263061523438,0.872655987739563
655,Nino Niederreiter,R,26.1,74,218,71.68989507751539,12.806311282393336,1.9499490114901215,0.19473385559499262,0.8065670546397566,2.267528970319778,1.2464654445648193,0.6714271787911653,1.8135988441467283,1.129499912261963,0.6269362496852875,1.6837290054082872,0.8087584376335144
656,Noah Hanifin,D,21.7,75,207,77.28016783850889,15.70482911915034,1.9104895511289435,0.23911176065928738,0.0861234725649158,0.4438656934021165,1.0304782390594482,0.5502788820583528,1.7539064736089705,1.2618391513824463,0.20333918410894772,1.7507603327671686,1.1238733530044556
657,Noah Juulsen,D,21.5,74,201,33.64976518511772,17.19063748183557,0.12171982277446985,2.5639799192994834,0.19800478912889957,0.1367713156341977,0.9877009987831116,0.2688956558704376,1.3021913766860962,1.2029038667678833,0.3553455835580826,1.4415355920791626,1.0534043312072754
658,Noel Acciari,C,26.8,70,209,63.34644653309137,11.608706314390899,0.034959202771186824,1.4639031159386038,0.6740821599960327,0.014123796485364437,1.3791753053665161,0.7125867009162903,1.1757967472076416,0.8509623408317566,0.40246289581060407,1.066928505897522,0.847155749797821
659,Nolan Patrick,C,20.0,74,201,76.4206238559261,12.079755246868729,1.7109615588203073,0.10273178360188007,0.6891331076622009,0.013050814159214497,0.9295448660850525,0.6064852476119995,1.1094844341278076,0.6385453343391418,0.40237725734710694,1.0234520435333252,0.6265900731086731
660,Oliver Bjorkstrand,R,23.5,72,175,81.89328239321709,12.82954860562682,1.590779355418682,0.08788871913135052,0.6942212581634521,0.014689642935991287,0.8662150502204895,0.5680070519447327,1.130232334136963,0.7970864176750183,0.40233006060123444,1.0385727882385254,0.5494303107261658
661,Oliver Ekman-Larsson,D,27.2,74,200,75.50720630537718,19.139632321915776,3.887930701351166,1.2843571548223494,0.2960857628446072,1.6394066274864598,0.0691443383693695,0.22584628969951168,1.6229539934396744,0.1434168517589569,0.3588399513065815,1.4323659065172076,0.09824513643980026
662,Olli Maatta,D,24.1,74,207,66.2039794588089,16.070332162530473,0.5485278719925285,1.8837012373204034,0.09571920627835205,0.019745446124337533,0.10296011716127396,0.34858368098457954,1.088269829750061,,0.1890520961048752,1.1991373300552368,
663,Ondrej Kase,R,22.9,72,187,66.5895762860775,12.22696625420451,0.8356577590480447,0.0467219207777977,0.9425147865906358,0.013392595574259758,1.1624476909637451,0.6537259044245817,1.072611927986145,0.8386118412017822,0.37535223209410906,1.0015451908111572,1.0018635988235474
664,Ondrej Palat,L,27.5,72,194,62.49493450060487,13.755144714340569,2.5028429774828256,1.5278474374160171,0.6028518332563341,1.1298141011059284,0.34205806255340576,0.8066676454395055,2.021712217643857,0.24641115963459015,1.0444650389075278,2.123574032020569,0.1691984236240387
665,Oscar Fantenberg,D,27.0,72,206,36.187680222690105,14.343620600835099,1.718471437837556,0.5005499339120388,0.19898814387619496,0.0826555240384059,1.1922560930252075,0.23401017487049103,0.9704769253730774,1.5733214616775513,0.3557980930805206,1.0202524662017822,1.2029672861099243
666,Oscar Klefbom,D,25.2,75,216,76.53985112931579,18.228645083619654,2.3760495315164327,2.136454764506221,0.1594332965776324,0.3596849199032883,0.09121185541152954,0.21336019225908145,1.8168197156500816,0.16497822105884552,0.5252250894832462,1.6604460206151008,0.07948361337184906
667,Oscar Lindberg,"C, L",26.9,73,202,67.00434164211154,10.74714626032263,0.31332818704421816,0.41249696692128973,0.7992024668112397,0.013724061660468578,1.230928897857666,0.478470202759405,1.071860909461975,0.7463437914848328,0.2609348989141484,1.002946138381958,1.1504913568496704
668,Oskar Lindblom,L,22.1,73,191,31.306716865636407,12.195152558151682,1.380129928997159,0.09356351662427187,0.6774276494979858,0.012508769519627094,,0.6270671486854553,1.1596708297729492,,0.40241477131843567,1.0661261081695557,
669,Oskar Sundqvist,C,24.5,75,220,48.39526352763176,9.172358624671743,0.2790240733348131,1.0986746008500456,0.7041251063346863,0.018350521102547646,1.2352994680404663,0.6028774380683899,1.2249892950057983,1.2329297065734863,0.4025670266151428,1.1256144046783447,0.9512682557106018
670,Owen Tippett,R,19.6,73,207,17.7022642493248,10.78065115153046,0.46819477813154453,0.12993450965536832,0.69480961561203,0.015186709351837635,1.1865882873535156,0.6674823760986328,1.170588731765747,0.9926213026046753,0.4023356121778488,1.0735749006271362,0.8218877911567688
671,P.K. Subban,D,29.4,72,210,69.92085595116019,19.657459872568396,3.3333268324151635,2.0702814511157572,0.24640698895491656,1.0259693632042037,0.09026049822568893,0.5085944944527,1.9753319364786148,0.15724164247512817,0.42106472805142403,1.9018485129237175,0.09521361440420151
672,Patric Hornqvist,R,31.7,71,189,67.60239038601517,13.453783534885943,3.1856675145011395,0.12011227094715833,0.7814141011491418,2.506991352917999,1.2196799516677856,0.5754606757193804,1.6932210701584818,0.8913585543632507,0.700356326597929,1.5882788295030592,1.023407220840454
673,Patrice Bergeron,C,33.2,73,196,71.97433228850365,14.2024343638286,2.8009662431754174,1.988018419446051,0.8578041039407253,2.292575991626829,0.3615213930606842,0.6519761466652155,1.6780005608916284,0.2851404547691345,0.7610208693981171,1.6235437745690346,0.1843957006931305
674,Patrick Eaves,R,34.4,70,203,13.67658999800682,13.558793159515623,2.7748589295052084,0.2566754839628795,0.7035977244377136,0.01959937810897827,,0.590179979801178,1.2043267488479614,,0.4023949688673019,1.1089171171188354,
675,Patrick Kane,R,29.9,70,177,69.89471736967563,16.63755734780878,3.4384267318740487,0.1465575337920785,0.9921135374806822,1.9683790892757476,1.1423419713974,1.0320783217400311,2.1264179977178572,0.8343991041183472,0.7125254343241454,1.6595563708782197,0.9398245215415955
676,Patrick Marleau,C,39.0,74,215,75.83785013124347,14.175297388759255,3.016572590044886,0.8080953039526939,0.7148833100564778,1.7701319229416548,1.1727677583694458,0.36219073596644397,1.739984147286415,0.958868682384491,0.6237579058229923,1.9024207136154174,0.7550262808799744
677,Patrick Maroon,L,30.4,75,234,69.33511689335108,12.763136233443023,1.9373617592383177,0.12132283427155018,0.6929721826665103,1.069475576903671,1.8890562057495117,0.5727939392386675,1.6198038604974745,1.089455485343933,0.6772432680130005,1.6704733814001085,0.9323254823684692
678,Patrick Sharp,L,36.8,73,200,73.58917151544243,13.10415644914359,2.370485020548478,0.2012483680603504,0.5322993163235487,1.180563156245649,1.7544426918029785,0.5112413611024618,1.679993930733204,1.00687575340271,0.713551381200552,1.8024066318273544,0.8526546359062195
679,Patrick Sieloff,D,24.4,73,205,17.24870154172182,15.86785750020971,0.005967189138755202,0.762754465727192,0.19871227584779264,,,0.2460555136203766,,,0.3550628554821014,,
680,Patrik Berglund,C,30.3,76,215,74.0073498594761,13.121855783569814,1.1869201673984526,1.0545990491077304,0.7496134034186602,1.9190983256520702,0.4795764982700348,0.2763391531512737,1.7068436344623565,0.33472898602485657,0.5330549648106099,1.3075977064609527,0.1750265508890152
681,Patrik Laine,L,20.5,77,205,78.25998121619224,14.509001238785686,2.941155820082128,0.050610633100509644,1.4658400688190014,3.8049873336696067,1.5074814558029175,0.3417517638686616,1.7294305638313294,0.9337478876113892,0.6267989605493843,1.6296759780883787,0.9940711259841919
682,Patrik Nemeth,D,26.6,76,230,72.80396683007478,15.886556448706983,0.009721531805992126,2.401249267238379,0.0026724821354224253,0.14257409079050015,1.6258455514907837,0.05304967528427497,1.3431183099746704,1.3252456188201904,0.5554415470913052,1.450981616973877,1.7687774896621704
683,Paul Byron,L,29.4,69,164,63.569257005471734,12.205610748142004,0.6151775196074843,1.7470321975290775,0.6316941411082446,0.013359476812183857,0.3317491114139557,0.37837193889927867,1.3228273391723633,0.24438799917697906,0.6463127611832619,1.1951792240142822,0.11946544796228409
684,Paul Carey,C,30.0,73,200,62.810501200333235,9.964980006974935,0.01964243378305435,0.6139266578912734,0.6680399179458618,0.01290816254913807,1.7004170417785645,0.5476239919662476,1.09782075881958,1.1158524751663208,0.40243534177541734,1.0025112628936768,0.8083786368370056
685,Paul LaDue,D,26.1,75,205,22.977820390462874,14.28287823751106,1.0467055589517689,0.3238524405469964,0.1995167811959982,0.490426562282453,1.0450891256332397,0.192252978682518,1.1008650064468384,1.3129726648330688,0.35452482491731646,1.2023749351501465,1.1649872064590454
686,Paul Martin,D,37.6,73,200,27.166458199322225,18.684981667099965,0.040984383311991945,1.8091692715702874,0.19911036513745783,0.3261671586676638,1.2207058668136597,0.3113808333873749,1.4389516115188599,1.5488975048065186,0.35547701954841615,1.5546598434448242,1.4018934965133667
687,Paul Postma,D,29.6,75,195,25.335842886865137,12.48727325896587,0.03990274027016532,0.27192030014779295,0.1996480083465576,0.8557364964639552,1.2301630973815918,0.24542136490345,1.4171656370162964,1.412460446357727,0.35525271788239476,1.5097302198410034,1.3030534982681274
688,Paul Stastny,C,32.8,72,193,66.45134465249255,14.613905537703634,2.4592161543395368,1.2637880287289618,0.4853199423000217,1.4013069567538796,0.33705955743789673,0.7058195515125989,1.7612462660074233,0.2681122422218323,0.8470841629326343,1.7817276438593865,0.17501746118068695
689,Pavel Buchnevich,L,23.5,73,196,76.4856928068772,11.961941803599894,2.3453787278361617,0.060589413280934104,0.7977699180711061,1.139146767026931,0.9737720489501953,0.5679313167695421,1.7583697415828705,0.8604415655136108,0.600454954200983,1.453933605694771,0.545815110206604
690,Pavel Zacha,C,21.5,76,199,73.9989216721058,12.010956852334738,1.6857886122949421,0.878904593795538,0.35332298764809966,1.8223845431506636,1.4305620193481445,0.4804377859845757,1.8955411073207855,0.903291642665863,0.2654600751573444,1.2932532387495042,0.9503850936889648
691,Peter Cehlarik,L,23.2,74,202,16.842325788736343,11.521339815126506,1.296750555727184,0.1085322842746973,0.6821349263191223,0.012375518679618835,,0.6051182746887207,1.1357738971710205,,0.402465655207634,1.0389055013656616,
692,Peter Holland,C,27.7,74,193,30.815049805641173,11.450928237554471,0.047873731193780904,1.3616052563279868,0.6697840690612793,0.016233297064900398,1.6635446548461914,0.5467546582221985,0.9460745453834534,0.9469087719917297,0.40233545571565626,0.8853739500045776,0.7953931093215942
693,Phil Kessel,"C, R",31.0,71,208,77.68244567289949,14.59707786810547,3.598687429447472,0.1076028651342988,0.8248638022370636,1.5253411373496057,1.2342945337295532,0.6730216196626425,1.7816722862124443,0.94300377368927,0.7586650144964456,1.7656607770085335,1.1206284761428833
694,Philip Holm,D,26.8,73,190,17.151679338812826,15.772365358333891,0.004051726385951042,0.618443714754198,0.19875633053481578,,,0.2316201627254486,,,0.3551790247857571,,
695,Phillip Danault,C,25.6,73,200,61.40916873359897,13.0823613226369,0.5608325944469621,1.1612769712833066,0.5428564535153408,0.05449279271066189,0.35604557394981384,0.6468001217956344,2.169122793674469,0.2374112755060196,0.40430461265891793,1.5734096050262452,0.12294097989797592
696,Phillip Di Giuseppe,L,25.0,72,193,53.65741298079491,10.587278426781296,0.04135992783850432,0.10024403936201334,0.6786616444587708,0.013490877114236355,1.0868276357650757,0.5319846868515015,1.105495810508728,1.0201388597488403,0.40248137921094895,1.0258666276931763,0.7640242576599121
697,Pierre-Edouard Bellemare,L,33.6,71,198,75.13589775428176,10.118204144763947,0.19394969829173386,2.3867053020983935,0.28675018059688806,0.016845999285578728,0.29876795411109924,0.24630151082527638,1.1998869180679321,0.2833835482597351,0.46425383591127395,1.1035901308059692,0.15499962866306305
698,Pierre-Luc Dubois,L,20.3,76,214,81.95322367787361,14.817941125930846,1.754363018000126,0.23718048148059845,0.6994125247001648,0.019707387313246727,1.292137861251831,0.6144797801971436,1.1695683002471924,1.13511323928833,0.40220001339912415,1.0977797508239746,0.8936210870742798
699,Pontus Aberg,L,25.0,71,194,57.54059985999018,11.960342590172589,0.27843222349518537,0.14927049999827147,0.681434690952301,0.01031484268605709,1.533844232559204,0.5161678791046143,1.128600001335144,0.9989079236984253,0.4024864089488983,1.0284359455108643,0.7417227029800415
700,Radek Faksa,C,24.7,75,225,79.93471461474896,12.384712141836188,0.2897794005643279,1.6211044514283537,0.7092766757063568,0.019204499199986458,0.3133648931980133,0.4688561885630091,1.162137508392334,,0.4425596285169323,1.0764199495315552,
701,Radim Vrbata,R,37.3,73,194,48.443750643767416,12.780158551672102,2.46668349541612,0.1922873474367261,0.5708637202851474,1.9262031627103688,1.7302017211914062,0.5888211880147457,1.5286083188176156,0.9961543679237366,0.7200917400717735,1.4265606521368028,0.8434235453605652
702,Radko Gudas,D,28.3,72,208,70.2368549477309,16.243578203681363,0.06507763183370233,2.172586672842503,0.08462767321565393,0.11521777067901076,0.0909571722149849,0.49699513015916263,1.1249959468841553,,0.19948375905656318,1.2201629877090454,
703,Rasmus Andersson,D,21.9,73,202,23.148778056800367,16.502112658684812,0.5906372686593234,0.5059375543937654,0.19796050056815148,0.12677935888935601,0.9670343399047852,0.27485182881355286,1.2932093143463135,1.2009618282318115,0.35537962526082995,1.440105676651001,1.0227261781692505
704,Rasmus Ristolainen,D,23.9,76,221,72.81159161165357,19.635532866310328,2.9237210218101737,2.085707620277256,0.14649468201138086,0.6990314653915018,0.07294174283742905,0.1963594343880387,1.95760358492136,0.14664088189601898,0.3700418648123741,1.8432944888591172,0.09122110903263092
705,Reid Boucher,C,25.1,70,195,28.702152758836746,10.577038084309788,1.0029273469746112,0.11381100928324461,0.6784325242042542,0.01141616515815258,1.1166058778762817,0.5965390801429749,1.108541488647461,0.6815786361694336,0.4022960036993027,1.029457688331604,1.0451666116714478
706,Reilly Smith,R,27.5,73,185,74.45712575348094,13.628675601886211,2.282023662972823,1.4076002368599176,0.6469179619520903,1.519490511651337,0.2584606409072876,0.6830568575143815,1.8262552719593048,,0.7838513714581729,1.715213429903984,
707,Remi Elie,L,23.5,73,215,74.72423930644989,10.191971450375021,0.02571609938636422,0.31907618065774446,0.6771404147148132,0.01507316529750824,0.9704707860946655,0.6125501394271851,1.1434935331344604,0.7166266441345215,0.4024293607473373,1.0605151653289795,0.6114782094955444
708,Richard Panik,R,27.6,73,203,78.7330026715994,13.229403837993742,1.882100505723804,0.12687936261475086,0.8381449530679734,1.7170316729137673,1.2285100221633911,0.5603432782274206,1.7456815373420718,1.0384838581085205,0.48561911425366994,1.3510438604354857,0.825458288192749
709,Rick Nash,"L, R",34.3,76,211,62.933730258066205,13.016013137085736,2.358121221338585,1.4078983400210738,1.0212295423351228,1.8707679415769876,0.5206737518310547,0.6133601341032981,1.7594364911913871,0.3588961064815521,0.6495891888141633,1.7518485398292543,0.19063960015773773
710,Rickard Rakell,R,25.4,73,195,71.14899129584431,13.98172083145529,2.1222491952411833,0.1515346694841385,0.9256169485718011,1.6428985294476153,1.130042314529419,0.5325769860297442,1.5264249736070634,1.0548717975616455,0.7778363253951073,1.625938453900814,0.8031623959541321
711,Riley Nash,C,29.4,74,188,68.10529568210244,11.977978423149883,0.8289562709614635,1.6067202781304717,0.45049305618685487,0.014857176691293716,0.28615981340408325,0.4567553558412791,1.000890851020813,0.26908329129219055,0.7228639092266559,0.9315780401229858,0.1605011224746704
712,Riley Sheahan,C,26.8,74,214,76.56445521742106,11.971787440524995,1.2986475994732232,1.5249129627093674,0.29263303679314256,0.01579206809401512,0.29366767406463623,0.4010023024857044,1.1254068613052368,,0.6916644971311092,1.04007089138031,
713,Rinat Valiev,D,23.4,75,215,18.05384959936142,15.799460280187555,0.012235721427202225,0.42471974635349136,0.19955649964511393,0.14446083667428236,1.2153033018112183,0.2691959738731384,1.305915355682373,1.4544895887374878,0.35518009424209596,1.4441497325897217,1.3760371208190918
714,Rob O'Gara,D,25.2,76,214,39.93817801117897,15.982525892618682,0.003631593817189336,1.616944480264187,0.19986359179019927,0.14575955247328407,1.2652078866958618,0.23698851466178894,1.3140257596969604,1.4976989030838013,0.3551278948783875,1.4387502670288086,1.3888075351715088
715,Robert Bortuzzo,D,29.5,76,216,75.64479964748026,14.598345738321543,0.010819253055378794,1.5514912091702224,0.20068605363368988,0.1326112118344998,1.5271047353744507,0.19424733519554138,1.2493467330932617,1.251537561416626,0.35540499806404113,1.3757517337799072,1.676041603088379
716,Robert Hagg,D,23.6,74,210,73.43070436686277,16.902509754613416,0.014806890282824635,1.7865346561670303,0.19979676611721517,0.1378787947451795,1.3400567770004272,0.257935494184494,1.2490918636322021,1.5706099271774292,0.35536332964897155,1.376996397972107,1.0180652141571045
717,Rocco Grimaldi,R,25.6,66,180,18.902726444602013,11.490472992066916,0.1224792882897059,0.09439713345319033,0.7412736415863037,0.009828664362430573,,0.5472378730773926,1.3776801824569702,,0.402525475025177,1.249558925628662,
718,Roland McKeown,D,22.7,73,195,23.02543555855751,16.621062849788697,0.011010872265323997,0.397683814172951,0.1979721862822771,,1.2863165140151978,0.23636794090270996,,1.4371272325515747,0.3552625119686127,,0.8989651799201965
719,Roman Josi,D,28.3,73,201,74.2360957769677,20.04740584271699,2.8978646897710862,2.3300309729695323,0.3072500871073456,1.452249474243261,0.07419092953205109,0.5140890475206078,1.9671572540730238,0.1543760448694229,0.36914760127663615,1.6880898176184296,0.07403465360403061
720,Roman Polak,D,32.4,74,240,52.298244417905806,16.394621773981303,0.11257295518279076,2.4499823877960445,0.14160596171799159,0.14389456202992787,0.10195492208003998,0.20677207371480766,1.4835786819458008,0.181987464427948,0.3664630976319313,1.6169451475143433,0.08590270578861237
721,Ron Hainsey,D,37.5,75,201,71.82363335505129,18.900284769693016,0.21609714460331203,2.498442149931192,0.0939117438574829,0.4682145329776047,0.08963081240653992,0.27210750840269027,1.4490642547607422,0.18848009407520294,0.35438077464699747,1.5865684747695923,0.08417990803718567
722,Ross Johnston,L,24.6,77,230,33.180497440099714,10.539329451001855,0.012646759892940522,0.10393477635276317,0.719123363494873,0.02268156222999096,1.246431827545166,0.5763078331947327,1.3091086149215698,1.0414057970046997,0.4021638932824135,1.1913787126541138,0.6508206725120544
723,Ryan Callahan,R,33.5,70,187,71.10159788165241,11.306729757508634,0.7212093458861112,1.5346982912614942,0.7054427862167358,0.011990287341177464,1.6385138034820557,0.6052200794219971,1.1887953281402588,0.9861891865730286,0.4024085363745689,1.0852841138839722,0.7551472783088684
724,Ryan Carpenter,C,27.7,73,198,55.51463672369719,11.025274934631586,0.3425187641635537,1.4637450579583644,0.6590563058853149,0.01698487251996994,1.2925039529800415,0.578702986240387,1.0804754495620728,0.9166915416717529,0.40228664457798,1.0005550384521484,1.086540699005127
725,Ryan Donato,C,22.5,72,190,21.8648496901989,11.375511506210067,1.3850347377392649,0.08470683582127095,0.6810349822044373,0.012532368302345276,,0.6186473369598389,1.0569149255752563,,0.4023937991261482,0.983589768409729,
726,Ryan Dzingel,C,26.6,72,190,79.99917434871196,13.737409560108185,1.8503753128886222,0.15201203666839005,0.8819663989856839,0.9554063684650698,1.1686577796936035,0.5089280245266855,1.8225256288051606,0.9597009420394897,0.2930382220864296,1.2639435460090636,0.7707573771476746
727,Ryan Ellis,D,27.7,70,180,51.33628915190697,18.022398981408028,2.032828214844316,1.4015721173022537,0.3602883653301746,1.2013703129377216,0.09008266031742096,0.37591768155992034,1.9220038710832594,,0.4327383990585804,1.7904231636032464,
728,Ryan Getzlaf,C,33.4,76,220,66.27794450759887,15.907167685770988,2.9238474660225213,1.506929774673283,0.4393220416884125,0.9439237989798188,0.3547477126121521,1.1836266372591258,2.6112536782264706,0.3485450744628906,0.9853805218964815,2.297544019627571,0.21225114166736603
729,Ryan Hartman,R,24.0,72,197,78.89315841019153,12.262498002193867,0.678510634433478,0.20893336429661513,0.9559327609747649,0.0166902057826519,0.9607434868812561,0.579587430560682,1.0507452487945557,0.8561261296272278,0.39122075235620135,0.9808657169342041,0.5295183658599854
730,Ryan Johansen,C,26.2,75,218,75.34455401258543,14.583338133893907,2.9545819481745363,0.8469832414057105,0.5040701036721468,0.9262998043358326,0.39715394377708435,0.6963857414811849,1.7319259643793108,0.29547515511512756,0.8941245477929711,1.8335464044570922,0.15443837642669678
731,Ryan Kesler,C,34.1,74,206,49.57337750140577,14.657880093659461,2.2210526299618185,2.432493926882744,0.5631235928565264,1.7373717040337622,0.314553827047348,0.4834260638013482,1.590984105873108,0.3100498914718628,0.7655703991472721,1.769740731549263,0.18066024780273438
732,Ryan Lomberg,L,24.1,69,187,17.519672002829612,10.291809017090747,0.008081327124047279,0.0871604012697935,0.7074957489967346,0.011023287661373615,,0.5903871059417725,1.2224061489105225,,0.40249024957418444,1.1034727096557617,
733,Ryan McDonagh,D,29.3,73,215,66.02290379554033,18.450172228569535,2.189256995260715,2.389377915564552,0.22392373712956906,0.6203072869725004,0.08947563916444778,0.39351532688103624,1.5631019519062042,0.14874069392681122,0.3578617778420448,1.359737722143531,0.09309995919466019
734,Ryan Murphy,D,25.5,71,175,32.43775062710047,15.310392974782708,1.032109665216878,0.6144305113390683,0.19787508375942708,1.2820306408854167,1.0709083080291748,0.18831507861614227,1.4757145643234253,1.1346913576126099,0.3557145765423775,1.6452606916427612,1.2748656272888184
735,Ryan Murray,D,25.0,73,206,49.95564032137394,16.49302265291909,0.9664739792714516,2.046224497877806,0.0072159907482600765,0.19861599356316867,0.09676375240087509,0.33722060821820043,1.0443058013916016,,0.2601515749449283,1.136095643043518,
736,Ryan Nugent-Hopkins,C,25.5,72,195,62.82046492056921,14.891788798695803,2.307285056125,1.5173953815296293,0.7568889604374767,1.4375850596807898,0.3453546464443207,0.6515431827038527,1.4888990012288095,0.26454275846481323,0.6549189487397671,1.3255971978902816,0.16766515374183655
737,Ryan O'Reilly,C,27.6,73,207,74.69255549924448,15.639858494436742,3.1278940832089632,1.9693977812305092,0.4752244171291589,1.9311810212716458,0.3664916157722473,0.7602900330394506,1.6723020624041558,0.340024471282959,0.6703343705803155,1.4148732493042944,0.1795148402452469
738,Ryan Pulock,D,24.0,74,216,71.66754534542561,17.48026597070098,1.4353900604773313,0.31310384550011156,0.19830297596752644,1.9863584679153827,1.3509533405303955,0.22474104166030884,1.0202522277832031,1.604745864868164,0.3560491615533829,1.1029194593429565,1.06637442111969
739,Ryan Reaves,R,31.7,74,225,72.87006923021748,7.849860340914131,0.18883359337641298,0.09185822345727682,0.29179567868977785,0.01872868277132511,1.4914263486862183,0.19198086869835854,1.2205135822296143,1.065974235534668,0.5706601907644272,1.1213886737823486,1.2835898399353027
740,Ryan Spooner,C,26.7,70,191,71.82208921663928,11.997874569110571,2.5921188724541415,0.05645342341661454,0.6422315035961568,1.2339538745656609,1.1208298206329346,0.8820205125053724,2.0020117720127106,0.7158215641975403,0.4923126017923156,2.0653080976724625,1.0485035181045532
741,Ryan Sproul,D,25.7,76,205,28.468415301442146,15.413849756663376,1.171010775839009,0.49536078682503587,0.19964638888835906,0.46999581524190626,1.2499268054962158,0.26425835490226746,1.1423918008804321,1.4492347240447998,0.3549225713312626,1.239127516746521,1.3556756973266602
742,Ryan Strome,C,25.2,73,191,71.7898813702166,12.586144112363458,2.038290585646406,0.41380466293424367,0.592300670850277,0.5011416309421658,1.1506808996200562,0.6603619299769402,1.6841938580513003,1.0290358066558838,0.6797106230974197,1.473699683022499,0.7863185405731201
743,Ryan Suter,D,33.7,73,205,76.63669712048024,22.865092499583962,3.2515532835170626,2.0026097880974416,0.11198247729018328,0.4756673944871351,0.08571238070726395,0.36111211673542853,1.7175928537845613,0.1533132791519165,0.3370259104669094,1.7625993710637093,0.07041981816291809
744,Sam Bennett,C,22.3,73,195,77.83388223081828,12.587562174558144,1.4914704242620618,0.542762261946996,0.6548736654783288,1.4653770682821672,0.34221354126930237,0.4984499159415563,2.0078915318806967,0.23611362278461456,0.26893637467424075,0.7287611375963688,0.11813434958457947
745,Sam Gagner,C,29.1,71,201,65.02079088523983,12.578018018443883,2.151893174484,0.14117358171254396,0.4072810687579214,1.6315386095963418,1.20991051197052,0.5696949064821005,1.6825087387204172,0.9029614925384521,0.6607869755297899,1.7055838732242585,1.0635184049606323
746,Sam Reinhart,C,22.9,74,193,77.87507367774845,13.878590514718988,3.0283442389540376,0.02492507719743252,0.6421408456941445,2.4452347890685,1.2679634094238281,0.6200950044751168,2.028774382209778,0.9031993746757507,0.37638052479227385,0.8477233967264494,1.0437889099121094
747,Sami Niku,D,22.0,73,176,16.088134988546372,15.744786493865023,0.005293967500329018,0.5904287343634599,0.19859718531370163,,,0.2580580413341522,,,0.3553327398002148,,
748,Sami Vatanen,D,27.3,70,185,63.460697494745254,17.091126639843733,2.6422879908800123,1.619782771341875,0.12237918240576981,0.990532141944021,0.06165951490402222,0.24988261879086499,1.7543855957001446,0.13812458515167236,0.330569404065609,1.6495777552247048,0.09356993436813354
749,Sammy Blais,L,22.3,74,206,21.121426860094072,10.66964829349236,0.6305512481421232,0.09734376884996891,0.6837190985679626,0.014610199257731438,,0.6135881543159485,1.1309109926223755,,0.40241733968257903,1.0433740615844727,
750,Samuel Girard,D,20.4,70,170,78.2278423011303,19.567041364510537,1.7421551716115327,0.2944310325909555,0.19791711285710334,0.34847785085074356,0.856896162033081,0.2719919681549072,1.647045612335205,1.0562825202941895,0.35615928158164023,1.8122332096099854,0.832412600517273
751,Samuel Morin,L,23.2,78,202,13.970823793411254,11.243291395180629,0.007787597328424454,0.44155625033557416,0.7231748104095459,,1.1179665327072144,0.6063395142555237,,0.7266075015068054,0.40248826384544373,,0.7378664016723633
752,Scott Harrington,D,25.6,74,204,40.19441846817732,13.709694207200519,0.010024496503934265,1.037322023782134,0.19981305338442326,0.13807422304997855,1.418637990951538,0.23971758782863617,1.1947606801986694,1.144333004951477,0.3555317734181881,1.349020004272461,1.582064151763916
753,Scott Hartnell,L,36.5,74,215,68.07231785207986,11.94970639846474,1.9873567586123944,0.15861495708370207,0.7860321525275706,1.9021530809134246,1.860146164894104,0.7971594194680452,1.9468935546636583,1.0582160949707031,0.7429562657564879,1.82520009162426,0.9001438617706299
754,Scott Laughton,C,24.3,73,190,81.78299900479615,10.2107750464648,0.035845572856903075,1.15189636067003,0.6625738143920898,0.013989352621138096,1.1202667951583862,0.554567813873291,1.1367535591125488,1.032871961593628,0.40256534874439237,1.0473703145980835,0.7769277691841125
755,Scott Mayfield,D,26.0,77,220,53.981837114691736,17.100706935313717,0.019672577743649482,1.6956565335512161,0.2006223761290312,0.1426273916196304,1.569643259048462,0.21912717819213867,1.3608696460723877,1.2880412340164185,0.3556982761621475,1.5406343936920166,1.7221300601959229
756,Scott Wilson,L,26.4,71,177,76.43268441855908,10.971108700084686,0.4097124098906219,0.5158797043099999,0.569675767615065,0.0102374367415905,1.5177172422409058,0.45377984161898494,1.1809803247451782,0.9665912389755249,0.39329985004961493,1.0686746835708618,0.7285320162773132
757,Scottie Upshall,R,35.0,72,200,61.965446385890246,9.415976720525325,0.19427624750053882,1.445141132171452,0.5533951089158654,0.01594037003815174,0.3895287811756134,0.4130122217757702,1.1756757497787476,0.3468397259712219,0.5927016185104848,1.0895872116088867,0.17504312098026276
758,Sean Couturier,C,25.8,75,211,67.65999145835639,14.92725516498685,2.1246450283478944,1.9579128882765773,0.667036514030397,0.7025759677007795,0.34289681911468506,0.7625647232055663,1.984778332722187,0.28927505016326904,0.7410681093886494,1.86671248190403,0.18251487612724304
759,Sean Kuraly,C,25.7,74,213,77.54135156992822,11.115025575114787,0.021642636152744293,1.315193794234097,0.6678780913352966,0.016955440863966942,1.222385287284851,0.5804582238197327,1.147495985031128,1.0812712907791138,0.4025246101617813,1.0609073638916016,0.7967391014099121
760,Sean Monahan,C,24.0,74,196,76.37953513428569,14.793882997481523,3.174886187531799,0.646530299937725,0.895353484607488,1.9277274650409815,1.0008056163787842,0.6281658486574888,1.6435714175105096,0.8847231864929199,0.7593653862595559,1.6049631189227105,0.563417375087738
761,Sebastian Aho,C,21.2,72,176,30.977973835505544,14.83442522132901,0.7921092654109001,0.08292593018496036,0.7213805317878723,0.015116711147129536,1.1899385452270508,0.6316730380058289,1.175003170967102,0.8214792013168335,0.40245978623628614,1.072366714477539,0.8054731488227844
762,Seth Griffith,C,25.7,69,190,30.312963973283768,10.956386822655201,0.4829758517950773,0.09156895077961684,0.705500602722168,0.010766576044261456,0.8643626570701599,0.6140294671058655,1.1937856674194336,0.6523312926292419,0.4025247696042061,1.0993555784225464,0.6291036605834961
763,Seth Jones,D,24.0,76,213,73.99181291759014,18.625531671366094,2.22951270712316,1.617650847577676,0.24048005164377387,0.8346503332909196,0.09326183050870895,0.4119943779554218,1.8601648770213126,0.1415906399488449,0.3207513716816902,1.5441529740065931,0.09006749838590622
764,Shane Gersich,L,22.2,71,180,15.480132834911347,10.998329396126936,0.013003873825073241,0.07293495960533619,0.6973448395729065,,,0.6003461480140686,,,0.4024075210094452,,
765,Shane Prince,L,25.9,71,193,22.426686062812806,11.78609019329846,1.0727620869815349,0.11562471497553586,0.6777095794677734,0.014186074025928974,1.439468264579773,0.5044741630554199,1.0060334205627441,0.8635683655738831,0.4023918828368187,0.9536829590797424,0.699937105178833
766,Shawn Matthias,L,30.6,76,231,35.39012194994837,11.370784683293104,0.016881715653240682,1.4242856943905353,0.7013659477233887,0.022181445732712746,1.96470046043396,0.6239886283874512,1.252112865447998,1.098505973815918,0.40229117184877394,1.1766725778579712,0.9544938802719116
767,Shayne Gostisbehere,D,25.4,71,180,68.31742203466595,16.13980219904768,3.5997100997669,0.19926938562592864,0.1911257929557624,1.1928024554446341,1.2286969423294067,0.49370095284061183,2.009850003040552,1.2604808807373047,0.4050514610520005,2.3413741398503385,0.8767468333244324
768,Shea Theodore,D,23.2,74,197,65.27798723846674,17.729797256678342,2.230707263844088,0.6642038949571848,0.19948755487799644,1.1237149823057153,1.3621060848236084,0.28158310055732727,2.016395936002334,1.617370367050171,0.35548668667674066,1.774461122449239,0.9219547510147095
769,Shea Weber,D,33.1,76,230,34.87176294803619,19.19935898529267,3.195074956225976,3.32475138412416,0.20223137944936753,2.215031827840209,0.08334530889987946,0.19926315546035767,1.4943878803819417,0.1981782615184784,0.35505480647087095,1.5225146337151527,0.10473338514566422
770,Sidney Crosby,C,31.2,71,200,75.82386812373996,16.072036611925064,3.6185026527643203,0.30342591572195293,0.937444294181466,2.178212633859366,1.2176916599273682,0.9018798664271832,2.078938236540556,0.9182458519935608,0.9456661448031664,1.969902311205864,1.0724008083343506
771,Slater Koekkoek,D,24.6,74,193,42.67389955341816,12.283327323587656,0.005422746123984456,0.6657980821460486,0.1991723034530878,0.139982957858192,0.9865759015083313,0.20235911011695862,1.2627720832824707,1.2204852104187012,0.35495037034153937,1.3650418519973755,1.056889295578003
772,Sonny Milano,L,22.4,72,194,59.044486089348794,10.222451123823225,1.58846536327824,0.08440676972270011,0.7105047106742859,0.016706369817256927,,0.6473312377929688,1.1419492959976196,,0.4023915308713913,1.0563771724700928,
773,Spencer Foo,R,24.4,72,187,16.103689974546434,11.28622160229485,0.3343528800943494,0.0808966663852334,0.670321524143219,0.014852100051939487,,0.592973530292511,1.0984448194503784,,0.4023696908354759,1.0261530876159668,
774,Stefan Matteau,C,24.6,74,208,17.979085834026336,10.017187331033323,0.3165635666170717,0.10588304008495807,0.6928489804267883,0.015256011858582497,,0.6420387029647827,1.1022541522979736,,0.4025290861725807,1.014106273651123,
775,Stefan Noesen,R,25.6,73,205,74.01022712934763,11.846821269968153,0.3412296797103882,0.2599418553635478,0.9632252048693597,0.015522976405918598,1.1348730325698853,0.23166578651800934,1.11668062210083,1.0968431234359741,0.25948285579979424,1.0323406457901,0.8447749614715576
776,Stephen Johns,D,26.5,76,225,71.70681940466166,15.643465806791186,0.17839864538758993,2.3368629258841276,0.23013340097963808,0.07912113105846282,0.14855456352233887,0.009847232473611828,1.3572192192077637,0.18164534866809845,0.6735263355498166,1.4615715742111206,0.08753180503845215
777,Steve Bernier,R,33.5,75,222,15.375189201831818,11.694855817025587,0.2837819366303342,0.11060748964105334,0.6945633292198181,0.02118515409529209,,0.5629135966300964,1.1424399614334106,,0.4022142207622528,1.0754120349884033,
778,Steven Fogarty,C,25.5,75,204,13.54072494149208,10.977725563863084,0.011270549520850182,0.10454627841114998,0.6769425272941589,,1.2048571109771729,0.57827228307724,,1.1522021293640137,0.4025458982586861,,0.8978805541992188
779,Steven Kampfer,D,30.0,71,198,32.65971072256565,15.185738134589196,0.01417516005447507,2.0452056984335183,0.1981555900722742,0.12376534839115803,1.184495449066162,0.23845583200454712,1.2455676794052124,1.5327770709991455,0.35517751798033714,1.3577848672866821,1.184768557548523
780,Steven Santini,D,23.6,74,209,44.04326455235481,16.479146459913252,0.009774577424123883,3.2767982432872054,0.1998009955883026,0.14056563568919972,0.1339169591665268,0.21336902678012848,1.2327513694763184,0.16011275351047516,0.3552092646062374,1.3602418899536133,0.08197684586048126
781,Steven Stamkos,C,28.6,72,182,80.40411930531263,15.208142441356182,3.31597391024828,0.5061663908004761,0.672294557094574,2.944248594723642,1.2497870922088623,0.7345678210258484,2.3469861803531646,0.8369317054748535,0.4023159921169281,1.8613530342340467,0.9956473112106323
782,Sven Andrighetto,R,25.5,70,188,55.076578490138054,12.425784137316546,1.6272400584654263,0.023667638039588927,0.5503269035100937,1.6945813975897928,1.0810389518737793,0.6475215668693185,2.2774645684003834,0.6964256167411804,0.4541865109366675,0.9121648447116215,1.0203074216842651
783,Sven Baertschi,L,26.0,71,190,63.55076276024183,12.892081238885224,1.8809944259068618,0.06419729535448551,0.8529631129847218,2.0106850888813534,0.8908816576004028,0.498261465121309,1.8266533488670984,0.6465365886688232,0.342909084141006,0.7957324113806088,0.6382167339324951
784,T.J. Oshie,R,31.8,72,187,70.96666298747063,14.240010615292192,2.8762229459781197,1.1723893776640297,0.797906266503781,1.9521285654492677,0.41502320766448975,0.690262195393443,1.5484174332022667,0.259382039308548,0.6832504307568072,1.3304381216406822,0.16922253370285034
785,TJ Brodie,D,28.3,74,187,72.7182534822449,20.02743983677998,2.3758583953499794,1.999994299610332,0.1752494943510741,0.54419825667236,0.08969251066446304,0.29689088232293726,1.8021298545360565,0.1458461433649063,0.42777413040399553,1.8455392240270974,0.07752392441034317
786,Tage Thompson,"C, R",20.9,78,220,48.86854150004685,11.210659356481553,0.821511844933033,0.10126538898795844,0.7276529669761658,0.0214803796261549,,0.6183887124061584,1.3407533168792725,,0.40217265754938125,1.2238060235977173,
787,Tanner Fritz,C,27.1,71,192,40.642114538028835,11.703697428428,0.3957354757010937,0.39766844808906315,0.6854875087738037,0.011191818863153458,1.1357226371765137,0.6028813123703003,1.129435420036316,0.7212806344032288,0.40241666257381437,1.0516934394836426,1.0769174098968506
788,Tanner Glass,L,34.8,73,213,25.600775143839417,9.837575481926544,0.01412545263782254,0.7184652051859431,0.6933788061141968,0.01795102097094059,1.7735685110092163,0.6884490251541138,1.1769275665283203,1.0269687175750732,0.4023386815190315,1.096082091331482,0.8624053597450256
789,Tanner Kero,C,26.2,72,185,18.478896226882934,11.743145736647195,0.028155178858366884,1.6710833501929314,0.6631749272346497,0.01221185177564621,0.9037188291549683,0.5083482265472412,1.1365902423858643,0.6399620771408081,0.4023774790763855,1.0409390926361084,0.6537219285964966
790,Tanner Pearson,L,26.1,73,201,79.16016860083211,12.181438108845056,1.6654380273077636,0.9747786223895848,0.8990176135674118,0.9489791562505068,0.2602725028991699,0.5289410653823614,1.5474382874965669,,0.6505072400569917,1.5168589932322503,
791,Taylor Chorney,D,31.4,72,193,34.82630730450153,13.715945665210834,0.003940174951404333,1.9476887191236019,0.19876322604715824,0.13548581480633937,1.130722999572754,0.19841088354587555,1.335410475730896,1.338728427886963,0.3547102463245392,1.4350125789642334,1.3423951864242554
792,Taylor Fedun,D,30.3,73,200,19.729747648835183,13.866498283281807,0.9087144536641811,0.3556190594777009,0.19984935089945793,0.09355194880272102,1.4300076961517334,0.18925835192203522,1.1320128440856934,1.1501531600952148,0.3549620732665062,1.2174102067947388,1.5019421577453613
793,Taylor Hall,L,26.9,73,210,68.94753896683454,15.98965613182038,2.764258904897794,0.21646387255698443,0.751745296023786,1.8996738467507064,1.1938467025756836,0.8775950756549836,2.166565292465687,1.0748931169509888,0.7673266202986241,1.9160089062929153,0.7933664917945862
794,Taylor Leier,L,24.6,71,180,44.85231229305268,9.341322073019644,0.16311005017274618,1.236496596647799,0.7010523676872253,0.013318870216608047,1.0300341844558716,0.6740990877151489,1.167954921722412,0.7755579352378845,0.40238643646240235,1.0953842401504517,0.9213995337486267
795,Teuvo Teravainen,L,24.1,71,191,78.0414653771619,13.576040064988037,2.1972904374471556,0.17177039960557222,0.6954686844473084,1.3978274143134555,1.0512562990188599,0.6266301685447494,2.1067020974556607,0.966329038143158,0.406320761350294,0.8672129418154558,0.7239995002746582
796,Thomas Chabot,D,21.7,74,195,67.75185758516193,17.012951135352626,1.619650722046569,0.3463081289212704,0.19827602297067642,0.0409189471096444,0.9753739237785339,0.2464587390422821,1.144482970237732,1.1781277656555176,0.355429380685091,1.2434645891189575,1.033316731452942
797,Thomas Hickey,D,29.6,72,185,65.89508183434606,15.888011036752909,0.29732657876247165,1.6873729501381514,0.18726068258248274,0.05453880623047863,0.06621992588043213,0.39717901291884483,1.1050708293914795,0.13686229288578033,0.3505638463795185,1.2069005966186523,0.10566875338554382
798,Thomas Vanek,L,34.7,74,214,70.8803577376902,12.316080305409432,2.6018002093393355,0.1299058066918254,0.8337046453677117,1.4570539190180598,1.8666388988494873,0.9034794026911259,1.9868425716757776,1.221299171447754,0.6503291019141674,1.6673254875183106,0.8804427981376648
799,Tim Heed,D,27.7,72,180,38.60212519735098,14.576828742721428,2.4709602888729423,0.3486453462487459,0.1982360303401947,0.8430682673765697,1.124826431274414,0.19268792867660522,1.126031756401062,1.4532891511917114,0.35514930099248887,1.2166075706481934,1.176171064376831
800,Tim Schaller,"C, L",27.9,74,204,74.80903564333916,11.113308933837711,0.3354192624233961,1.5403210134640337,0.646852006411925,0.013435855507850647,0.3748692572116852,0.3744783941086847,1.134922981262207,0.25698691606521606,0.2484132023088634,1.0314834117889404,0.1316986083984375
801,Timo Meier,R,22.0,73,220,81.87761941857636,13.620576879876852,1.1608716926656661,0.30302134112638235,0.6992533206939697,0.019110357388854027,1.5038429498672485,0.6385211944580078,1.1831554174423218,0.8663098216056824,0.4023376926779747,1.0848712921142578,0.9428881406784058
802,Tobias Rieder,L,25.7,71,189,73.67742221418769,13.322123559777438,1.3255011829249561,1.6878143505454064,0.5199004004761577,0.010228605009615421,0.29000216722488403,0.31856385745286936,0.9808778762817383,0.24202193319797516,0.6291909271895886,0.9112345576286316,0.1395505964756012
803,Toby Enstrom,D,33.9,70,180,52.52102792441845,17.908362958117575,1.378304896236956,1.2672537174269556,0.043253660213747186,0.048028459228357585,1.0540434122085571,0.22948642603569164,1.5242704153060913,1.3516743183135986,0.3941797886788845,1.6579827070236206,1.371181607246399
804,Tom Kuhnhackl,R,26.7,74,196,69.10337055683136,9.1290333823512,0.07676968721963465,1.549012796349327,0.26498228640946747,0.012361166067421436,0.3645084798336029,0.6493581049367785,1.0876151323318481,0.24841995537281036,0.36638057351261377,1.0007176399230957,0.12622809410095215
805,Tom Pyatt,L,31.6,71,185,80.18635168671608,12.833028659267724,0.1656711395943463,2.0714753317765893,0.47022764401696626,0.011669358238577843,0.3557888865470886,0.26765908935061095,1.181143879890442,0.2593447268009186,0.4189148788206279,1.0725597143173218,0.11240144819021225
806,Tom Wilson,R,24.5,76,220,73.91255127429962,11.5534295062989,0.17901417314253748,1.3433793341368436,0.34591533975601196,0.019332248717546463,0.32232892513275146,0.5261297531455755,1.171818494796753,,0.7246342300951482,1.0802721977233887,
807,Tomas Hertl,C,24.9,75,215,81.2280513683334,13.770426325108112,1.885221425546706,0.7363866079434753,0.6366370249681174,1.2116703442640604,0.38892748951911926,0.44100281851089,1.6770905652165413,0.2790168225765228,0.7700958523288369,1.8469478553295136,0.15170684456825256
808,Tomas Hyka,R,25.5,71,160,21.069982774294914,11.054966748219954,0.5091167259871959,0.09771558690816164,0.7211278676986694,0.010485317558050156,,0.5856929421424866,1.2844270467758179,,0.4024840906262398,1.178637146949768,
809,Tomas Jurco,R,25.8,74,197,36.152496116161345,11.44073455599472,0.15714201455336807,0.26498307229578494,0.6578491926193237,0.011806291528046131,0.9638009071350098,0.6248589754104614,1.0670843124389648,0.6753761172294617,0.4024206191301346,0.9873988032341003,0.657526969909668
810,Tomas Nosek,L,26.1,75,205,69.81923096865415,9.731120888967812,0.05752607613253593,1.6057330376699566,0.6678744554519653,0.018887028098106384,1.3800742626190186,0.593967080116272,1.1388092041015625,0.9722613096237183,0.4022796392440796,1.0511279106140137,1.104766845703125
811,Tomas Plekanec,C,35.9,71,190,75.42431374758482,13.76497812497914,1.5282074957285074,1.857523519060016,0.35274333477082853,0.013276567682623863,0.32955536246299744,0.6590296781808138,1.075002908706665,0.29258015751838684,0.7314323750376701,0.9983611106872559,0.15418733656406403
812,Tomas Tatar,L,27.8,70,173,76.0582139003463,13.345632820922136,2.381199641036615,0.11511693496489525,0.7454282734595239,2.2459372280292214,1.0251545906066895,0.4455037147413492,1.6268172656416893,0.8595567345619202,0.6230209447547794,1.6950581789493562,0.7332537174224854
813,Tommy Wingels,"C, R",30.5,72,200,70.39250964850187,10.973403302116692,0.6481663879580349,1.131792142342031,0.4107960155762732,0.0160569716244936,0.3793354630470276,0.36696180738019946,0.9957140684127808,0.3117409646511078,0.5442100687682628,0.931487500667572,0.15573453903198242
814,Tony DeAngelo,D,22.9,71,180,41.797173252999784,17.92596915422791,1.5899849214632062,0.3403044391604662,0.1977921901643276,0.08551304890470322,1.2129075527191162,0.2785574197769165,1.2801700830459595,1.2724449634552002,0.3554357507824898,1.4333561658859253,0.848212480545044
815,Torey Krug,D,27.5,69,194,72.82824205189944,17.65786969373524,3.033241800105572,0.15964774197983742,0.227579644793272,0.787219174221158,1.4323110580444336,0.49381091048941017,2.097395942211151,1.049008846282959,0.39590522155165675,1.8440610417366028,1.3384718894958496
816,Torrey Mitchell,C,33.7,71,186,63.409754441529515,10.588414310871064,0.1801267971266657,1.7825657791852951,0.476482855630666,0.013747206889092922,0.3581121861934662,0.29770697947120667,1.201842188835144,0.30832430720329285,0.5165515144975186,1.1081691980361938,0.17473319172859192
817,Travis Boyd,C,25.0,72,190,19.261529950499536,10.61724282211327,0.01032726218754053,0.09272029235959053,0.6836797595024109,0.01335696317255497,,0.5749965310096741,1.1316672563552856,,0.4025853154063225,1.044348120689392,
818,Travis Dermott,D,21.8,72,202,45.49591487884521,17.36141037075021,0.020229211433261632,0.5907234391361474,0.1979465740174055,0.14094864829449008,0.9520939588546753,0.2824518084526062,1.2668918371200562,1.1835765838623047,0.3555929596722126,1.4217782020568848,0.9917845726013184
819,Travis Hamonic,D,28.1,73,200,76.83681534394621,18.979550100289284,0.522529759690702,2.0585468880612403,0.1529445924840867,0.2947528657932458,0.06935347616672516,0.3004931964874268,0.7706478834152222,0.14170527458190918,0.3271334384381771,0.8365340232849121,0.07182319462299347
820,Travis Konecny,R,21.6,70,175,76.91520949661732,13.109896578554808,1.6677163351617754,0.05294839703530073,0.9761276985473932,1.0162886079231277,1.1231218576431274,0.4414427279360593,1.967552664899826,0.7540717720985413,0.5962520230665802,1.6869435519456863,0.7629205584526062
821,Travis Sanheim,D,22.5,75,181,55.48580346614122,16.77574540317799,0.1013100102351755,0.5699772594577074,0.19814225971698762,0.1320855767415445,1.3870271444320679,0.2466200590133667,1.3876532316207886,1.5479048490524292,0.3559518066048622,1.5368385314941406,0.8456252813339233
822,Travis Zajac,C,33.4,74,185,69.32773013278842,14.431189509111643,2.237499469514564,2.296740636244416,0.2896533335371316,1.5439689324505628,0.3052290678024292,0.5303184119999409,1.6162133469820024,0.28615543246269226,0.5981166321754455,1.5812319157242773,0.16520065069198608
823,Trevor Carrick,D,24.2,74,171,16.41220536440611,15.622730345819127,0.013343079143762588,0.6116385998355358,0.1986207175254822,,,0.2426634579896927,,,0.3567774653434753,,
824,Trevor Daley,D,35.0,71,199,61.98139398366213,16.872882247039676,1.6782134215526283,1.7093650643412026,0.24581468830630185,0.37595965365390727,0.08980356901884079,0.1999824409138022,1.1636383533477783,0.1622079759836197,0.36222453996539117,1.2418937683105469,0.07775931805372238
825,Trevor Lewis,C,31.7,73,201,71.67882410019637,12.58230659673661,0.3828656722404808,1.4951559039875864,0.46984611302724477,0.015295686200261116,0.35497307777404785,0.4073246454440355,1.076795220375061,0.27713438868522644,0.547171425768733,1.0024927854537964,0.1828310340642929
826,Trevor Murphy,D,23.2,70,180,23.76845709592104,16.271532360278268,0.05910617186092735,0.5161053714089201,0.1980404893308878,0.14365802910331416,1.0323023796081543,0.23766008019447327,1.490384578704834,1.0903105735778809,0.3558106617629528,1.6344318389892578,1.2614015340805054
827,Trevor van Riemsdyk,D,27.2,75,191,71.67929715625942,16.482290830444917,0.30427491355781755,1.291394421764463,0.0615511872626063,0.04635287041200155,0.10154455155134201,0.31583702304998107,1.139315128326416,,0.2514415055208355,1.2522495985031128,
828,Troy Brouwer,R,33.1,75,213,75.95248462736606,12.049919157536328,2.1213954697720707,1.7929220382109285,0.40853018504157657,1.5405405067496,0.33312907814979553,0.34601367429172997,1.535599024105072,0.3199944794178009,0.6391480608046055,1.7213604831457139,0.1856195330619812
829,Troy Stecher,D,24.5,70,184,71.88770796895027,17.414661190521713,1.0731274856060744,1.0573759545236825,0.01193610469344935,0.25216938152878793,0.8907762169837952,0.14943234206963596,1.1189478635787964,1.109165072441101,0.6178557405244559,1.2674983739852905,0.9404692053794861
830,Troy Terry,R,21.1,72,185,13.513154555559158,11.005665352878372,0.006466033256053925,0.08797190245240927,0.6923068165779114,0.012304829433560371,,0.6534189581871033,1.1847318410873413,,0.4024824807047844,1.0731732845306396,
831,Tucker Poolman,D,25.3,74,199,34.06719592899084,14.534864185819249,0.011157345347106457,0.27099556639635564,0.19954064026474952,0.1435269781194471,1.319933295249939,0.2585785984992981,1.1935138702392578,1.5259217023849487,0.35529101684689524,1.3429466485977173,0.9656932353973389
832,Ty Rattie,R,25.7,71,183,23.60228205088526,10.951118197644897,0.8662225462007782,0.10062988728338092,0.6807500123977661,0.011031917296350002,,0.5702441930770874,1.133444905281067,,0.4024044218659401,1.0562400817871094,
833,Tyler Bertuzzi,L,23.6,73,186,52.76562693420797,13.076357809989155,1.3473102845966816,0.19237452609783412,0.682444155216217,0.01581793837249279,0.9304763078689575,0.5768276453018188,1.0470322370529175,0.8446546792984009,0.4023218464851379,0.9736351370811462,0.5559253096580505
834,Tyler Bozak,C,32.5,73,187,68.80637298941612,14.041765214657783,2.6988137665353715,0.2930958339227438,0.44565475404262545,1.6811207696028054,1.2688651084899902,0.7654535542607308,1.987078957128525,1.0549087524414062,0.7052029631823302,1.9178896050691605,0.8252488970756531
835,Tyler Ennis,R,29.0,69,160,67.19074166655541,11.6843255549103,1.0454902438916267,0.04859739478707314,0.5366298223722726,0.011022178456187248,1.0921680927276611,0.1994750073470771,1.2482300996780396,0.8331333994865417,0.39611813671216367,1.1384778022766113,0.7276878356933594
836,Tyler Graovac,C,25.4,77,208,16.025557099580766,9.785837899479844,0.012644844451950308,0.09470798936346644,0.6912084817886353,0.015871595591306686,1.0916078090667725,0.6616595387458801,1.221423864364624,0.7352123260498047,0.40252929091453554,1.1162264347076416,0.7208518981933594
837,Tyler Johnson,C,28.2,68,185,68.757534442842,13.29601523170173,2.554369531303644,1.453763176457584,0.7511196118801832,1.641599625762552,0.3343776762485504,0.6456601954234839,1.9230561618685724,0.2175820916891098,0.7957782248258591,1.9880647013187407,0.09779474884271622
838,Tyler Motte,"C, L",23.6,70,192,51.346240488886835,10.60125587079823,0.012508459510326385,0.9497110228642821,0.6830400824546814,0.01306139025837183,0.9070331454277039,0.6776621341705322,1.1837518215179443,0.8099175095558167,0.4024496701359749,1.0951321125030518,0.5022097229957581
839,Tyler Myers,D,28.7,80,229,81.71911467343568,18.2480464367764,1.5928946683049203,2.8387298431456087,0.2024634213000536,1.0254147563181832,1.7096368074417114,0.18759377300739288,1.591089129447937,1.4671366214752197,0.35588172435760496,1.783200740814209,1.9060006141662598
840,Tyler Pitlick,C,26.9,74,200,81.44589996423572,12.014633334028721,0.04377835437738896,1.8465135533630848,0.6519087553024292,0.014548148028552532,1.1845576763153076,0.5684893131256104,1.1268011331558228,1.0082465410232544,0.40249431163072585,1.0403854846954346,0.7940971255302429
841,Tyler Seguin,C,26.7,73,205,74.23190627710893,15.554912646510452,3.4373096537675707,0.4507006436140537,0.9691215139411391,2.462240742345154,1.1645145416259766,0.8769476183861493,2.2676301160812375,1.0237303972244263,0.6380449668322802,1.9354545920610429,0.7857207655906677
842,Tyler Toffoli,R,26.4,72,203,71.08048619911075,13.127770852203666,1.928249733653292,0.9726434064924716,0.8367080553211271,2.0713914182402196,1.1263923645019531,0.6448842694908381,1.6325705738663674,0.994600236415863,0.8212866324067116,1.6705716100215913,0.769707441329956
843,Tyrell Goulbourne,L,24.7,71,195,19.228128873109817,9.985468089312205,0.007284806631505489,0.09653448995202779,0.6902488470077515,,,0.6128495335578918,,,0.40238789141178133,,
844,Tyson Barrie,D,27.2,71,197,71.85291595581919,19.379566280795636,3.1417771463304756,0.13767530672645567,0.3005419500824064,0.719324326022774,1.4557756185531616,0.6374290644239635,1.953810618031025,1.1612920761108398,0.4240969084203243,1.6247844531163573,1.4039498567581177
845,Tyson Jost,C,20.6,71,187,69.39284413520247,12.023080883984267,2.440270044326782,0.3208254916357398,0.7046253681182861,0.01207598578184843,1.0983566045761108,0.6354062557220459,1.1781818866729736,0.869514524936676,0.4022414481639862,1.068495750427246,0.7312529683113098
846,Vadim Shipachyov,C,31.6,72,187,14.977685036696494,10.97083256987092,0.08354295083327294,0.09075980253517628,0.6742604374885559,0.01625143550336361,,0.586836040019989,1.125318169593811,,0.40230694562196734,1.0607928037643433,
847,Valentin Zykov,L,23.4,73,220,20.526621681451797,11.150378788922527,0.44918629270625127,0.09176532402634621,0.6754492521286011,0.014074836857616901,,0.5668947696685791,1.1423871517181396,,0.40247137933969496,1.0442935228347778,
848,Valtteri Filppula,C,34.5,72,189,75.31961658628657,13.703562637355923,2.414627485034242,1.5144964208558203,0.38862221438214184,0.5168175161287188,0.30803632736206055,0.6359327321410179,1.7046049364566802,0.30423852801322937,0.7119764228135347,1.7131528938531875,0.15704675018787384
849,Victor Antipin,D,25.8,71,175,55.321915931105615,15.483971453231574,0.5875934835507571,0.36355221805512905,0.19822298385202886,0.10565598181699135,0.9381804466247559,0.21526004374027252,1.4300907850265503,1.2234055995941162,0.35584883466362954,1.55819571018219,1.0146903991699219
850,Victor Ejdsell,C,23.3,77,214,19.45104143857956,11.408683521191856,0.07508093438029288,0.08814202070236206,0.7105122208595276,0.02067354880273342,,0.5893623232841492,1.2493388652801514,,0.40230213791131975,1.144682765007019,
851,Victor Hedman,D,27.8,79,244,67.13236903756857,19.32088165092021,2.727309824017435,1.7140614710244835,0.41528823465704906,0.6947111095238775,0.13985660672187805,0.5109625895552338,2.594834382426739,0.15638799965381622,0.4318378563225269,2.191605157058239,0.09649554640054703
852,Victor Mete,D,20.3,69,187,56.748025469481945,18.298440496672395,0.9808045143775642,0.33880790054619314,0.1977657899260521,0.08843338272470684,0.8941085338592529,0.30263999104499817,1.4489662647247314,1.093711256980896,0.355876352339983,1.6428900957107544,0.8620979189872742
853,Victor Rask,C,25.6,74,199,74.59189664661885,13.702804209552706,2.3374601527754217,0.3037529604059458,0.5603320204809309,1.198388221117109,0.9931702017784119,0.35798564039367436,1.554735153865814,0.692604660987854,0.7348962700605393,1.8388988685846328,0.6542694568634033
854,Viktor Arvidsson,"L, R",25.5,70,185,71.47125100909422,13.225413768056036,1.6109583071662734,0.7109069359560807,1.0061141852892934,1.192377211268246,0.3594062030315399,0.5997489729061722,1.9011893030166627,0.21933846175670624,0.55655941742224,1.8684005015134812,0.09981683641672134
855,Vince Dunn,D,21.9,72,200,78.90708647310734,17.249687541538474,1.6939608042232692,0.2940156995459795,0.19800108775496483,0.7646230621664779,0.944205641746521,0.24313192069530487,1.14374577999115,1.1749041080474854,0.3554773305356502,1.2741799354553223,0.9804558753967285
856,Vincent Trocheck,C,25.2,71,184,68.44204811677336,14.750845015080273,2.4684194942906497,1.1678695160984993,0.7108048885039985,1.5726714398761592,0.24372196197509766,0.6738659355610609,1.8139522098302843,,0.7373343994677067,0.9272061974922816,
857,Vinni Lettieri,C,23.6,70,184,27.791924783587454,10.900727487805408,1.2471938799989224,0.09677647260326147,0.701167643070221,0.011245195753872395,1.0806052684783936,0.5667918920516968,1.162112832069397,0.8504144549369812,0.40230611205101013,1.0483922958374023,0.7150440216064453
858,Vinnie Hinostroza,C,24.5,70,183,55.10622946321964,12.185327180296182,0.9454356262467802,0.04795089445590973,0.6454785672377795,0.01166047528386116,0.8658885955810547,0.555225213548541,1.0867501497268677,0.8073896169662476,0.4861458687201142,1.0131773948669434,0.5086654424667358
859,Vladimir Sobotka,C,31.3,70,191,81.87488509334624,14.551337778759748,1.5427703578323124,1.2526065479829909,0.6902521848678589,0.011201690882444382,1.5949524641036987,0.5538583397865295,1.1274245977401733,1.0024900436401367,0.4024657052755356,1.036335825920105,0.7436878681182861
860,Vladimir Tarasenko,R,26.8,73,228,75.51117343800142,14.974580156888068,3.0084463128253818,0.2683396615597606,1.1845605790108442,2.1187884684182703,1.2670994997024536,0.5080020012893677,1.4519608084082603,1.1897037029266357,0.8999758157670498,1.7032358937501906,0.8281362056732178
861,Vladislav Kamenev,C,22.1,74,194,14.57587482213974,10.783665935360865,0.04150878020972013,0.10379761606454849,0.6908381581306458,0.012067211791872978,,0.6362728476524353,1.1572431325912476,,0.40248155027627947,1.052499532699585,
862,Vladislav Namestnikov,C,25.9,72,179,76.84477675986787,12.143878428336977,1.9481585726566613,0.25215293796801563,0.6166341979138553,1.359186298685521,1.0986355543136597,0.45325780921578407,1.906964868203799,0.9559507966041565,0.7868104484692217,0.9699866354823113,0.7127003073692322
863,Wade Megan,C,28.2,73,191,12.563742392100394,10.727469092959636,0.018201624620211125,0.2637530685847998,0.6626236438751221,,1.1971046924591064,0.5806063413619995,,0.780985414981842,0.402360734641552,,1.1269519329071045
864,Warren Foegele,L,22.5,74,198,13.53934974193573,10.953873288563491,0.008157854415476323,0.2925662201270461,0.6756423711776733,,1.256679892539978,0.6068201661109924,,0.9048765301704407,0.40232260584831236,,1.0585377216339111
865,Wayne Simmonds,R,30.1,74,184,75.68874719828368,13.48893147601187,3.483850729317963,0.6297220069885254,0.7245124693192542,2.891027020492405,0.3661312460899353,0.49064865583932404,1.6072935882925987,0.24712911248207092,0.6833920357108116,1.6637289768934251,0.11609385907649994
866,Will Butcher,D,23.7,70,195,81.50856584325433,14.43199149350524,2.2549098181031644,0.29720908484184744,0.19827369697391986,0.803822776722156,0.9192853569984436,0.25893527269363403,1.456319808959961,1.1350313425064087,0.35520927980542183,1.560573697090149,0.9160515069961548
867,Will O'Neill,D,30.4,73,190,15.130880970954895,15.463983821574885,0.0020731352921575306,0.621888353900526,0.1989964446425438,,,0.2324846088886261,,,0.35509724959731104,,
868,William Carrier,L,23.8,74,218,43.57180996119976,9.144150111679275,0.03764330975174904,0.10736525558304787,0.6818030476570129,0.018425287678837776,1.1055362224578857,0.6335994601249695,1.1610292196273804,0.9322018623352051,0.4022254213690758,1.0714609622955322,0.5714802742004395
869,William Karlsson,C,25.7,72,190,79.12282594135652,12.669549334242939,0.9472524649218966,1.7128470676998298,0.7985478614732624,0.01810736022889614,0.24196848273277283,0.5673723056549826,1.1853374242782593,,0.4747051143065095,1.0968161821365356,
870,William Nylander,R,22.4,72,204,80.56938184984028,14.224501986558735,2.261800554228574,0.04897705165922642,0.7426135485250502,1.9679188639638325,1.147947072982788,0.717692263445258,2.2720626406749087,0.8579097390174866,0.6837763770155608,0.8999034896544218,1.055659532546997
871,Xavier Ouellet,D,25.2,72,197,51.182583504915236,14.564291530933975,0.009090556145191194,1.7713438398689032,0.015358871231417694,0.13497701717740332,0.12984582781791687,0.20744876861834627,1.2160515785217285,0.16020280122756958,0.6047399268772453,1.3435519933700562,0.08032605797052383
872,Yanni Gourde,C,26.8,69,174,81.88973898593336,13.61244097147882,1.652144059228897,1.1236186357349158,0.7056503295898438,0.013695633970201015,1.0673694610595703,0.6440043449401855,1.2025189399719238,0.8807495832443237,0.4023805686831474,1.1084367036819458,0.6281543374061584
873,Yannick Weber,D,30.0,71,200,53.22838996887207,13.998367836404594,0.8877102008774878,0.20410505642428997,0.10764073821475413,1.4006537555615888,1.1926909685134888,0.2696471633681574,1.1828620433807373,1.5465381145477295,0.596048719882965,1.2560851573944092,1.1882003545761108
874,Yohann Auvitu,D,29.2,71,187,42.80681005686522,14.69869881086088,0.13878127937182785,0.30778952176272867,0.19833297662436963,0.0764737717633408,1.0678647756576538,0.18575263023376465,1.3736276626586914,1.2510164976119995,0.35540526956319807,1.470737338066101,1.0326483249664307
875,Zac Dalpe,C,28.9,74,197,22.414146639108658,8.802906150207647,0.0777843386756948,0.09304325122386217,0.6643731594085693,0.014715373516082764,,0.6444079875946045,1.109086513519287,,0.4024671357870102,1.0240861177444458,
876,Zac Rinaldo,C,28.3,70,192,57.95631031155586,10.733647294428943,0.007020552269339561,0.8384328757509589,0.6947194933891296,0.009949753060936928,0.9078097343444824,0.656365156173706,1.1728912591934204,0.6925438642501831,0.4025811466574669,1.063718318939209,0.6516921520233154
877,Zach Aston-Reese,C,24.1,73,205,24.981332790851592,10.684609070028179,0.3170949107185364,0.8073021468487382,0.659783661365509,0.015304421074688435,1.2104711532592773,0.590033233165741,1.1283258199691772,1.0150827169418335,0.40222781896591187,1.0281414985656738,0.8194658160209656
878,Zach Bogosian,D,28.2,74,222,28.97999203026295,18.641936232161843,0.08893086444477818,1.769260231782536,0.20018288031220435,0.8093163127733419,1.5586998462677002,0.21725498139858246,1.1243120431900024,1.202781319618225,0.35555017411708834,1.2453972101211548,1.6234748363494873
879,Zach Hyman,L,26.3,73,211,81.13474369108677,14.253485888507962,0.2411765629284382,2.6938830832123757,0.5395313875973224,0.01484612189233303,0.3724468946456909,0.6246351251460611,1.124943733215332,0.253278911113739,0.4082859048366546,1.0390491485595703,0.13326118886470795
880,Zach Parise,L,34.2,71,195,48.14460412025451,14.541452647088468,2.8240022668164224,0.6036163173690438,0.9505459260925652,1.8961874761737882,1.2476073503494263,0.48270918130898477,1.706431453371048,0.9360881447792053,0.7477021153330803,1.7221254794359206,1.0674124956130981
881,Zach Redmond,D,30.2,74,212,16.411255901455878,13.813318380218371,0.007635209361012492,0.4022102775017704,0.19941285863518715,0.8301811891242201,1.2236944437026978,0.2107391059398651,1.1277813911437988,1.475529432296753,0.35496755108237266,1.2474792003631592,1.3548588752746582
882,Zach Trotman,D,28.1,75,217,17.002677239775657,16.320689311246312,0.1529267658729764,1.8430789436027772,0.20056621074676514,0.10626866698160983,,0.22060920298099518,1.3243165016174316,,0.3551157666742802,1.4069393873214722,
883,Zach Werenski,D,21.2,74,213,78.19683648940176,18.665666750817,2.3239950874969364,0.977586063298583,0.3217883183546364,1.0604238510426134,0.14410987496376038,0.17336758852900744,2.0441102774858475,0.1500229835510254,0.7174150098614395,2.093520563983917,0.08113046735525131
884,Zach Whitecloud,D,21.8,74,207,14.914730463325977,16.366460012109187,0.0037082156352698805,0.5846831192119915,0.1980584415048361,,,0.2620519995689392,,,0.3554603631794453,,
885,Zack Kassian,R,27.7,75,211,78.49250554800034,10.822491634990275,0.17032040225473047,1.3102100791580975,0.5569128625106067,0.016720758751034737,0.38960549235343933,0.32647893711945597,1.1218773126602173,0.2834728956222534,0.5810012904152274,1.0377061367034912,0.1456829458475113
886,Zack Mitchell,R,25.7,73,188,30.643435852527617,9.853261419097151,0.03290830646342039,0.7228419764235616,0.6764793395996094,0.015625981613993645,1.5253525972366333,0.6259483695030212,1.1053677797317505,0.8816629648208618,0.4024611300230026,1.0336272716522217,0.7454069256782532
887,Zack Smith,C,30.5,74,208,74.31475707496206,13.052984123862535,1.5026050714378556,1.5291244629303613,0.6327751750297845,0.9141083036601544,0.31942909955978394,0.4174567692408959,1.9550748443285624,,0.31558117462272445,0.8046944843261242,
888,Zdeno Chara,D,41.5,81,250,60.10247986018658,19.466632013331353,1.0166398596189319,2.575190686777607,0.2156691748507321,0.6105285321374491,0.11212117969989777,0.2907995872578785,2.1453945636749268,0.22575916349887848,0.520658651292324,2.288470983505249,0.13292396068572998
889,Zemgus Girgensons,L,24.7,74,200,66.43065638884902,12.777376451599599,0.7856549451403321,1.522991883391142,0.36607205568519235,0.01586214452981949,0.29897764325141907,0.34046009163856505,1.019362449645996,0.27000054717063904,0.5869431961894035,0.9429566860198975,0.16652114689350128
